------------------------------------------------------------------------------
Hierarchical Tree that optimizes the I2 criterion function...
------------------------------------------------------------------------------
                                                         mfx ship inte trad  acq earn coff grai suga crud  bop  cpi jobs  gnp  msy rese alum coco copp gold oils  tin vego live  gas
                                                         ---------------------------------------------------------------------------------------------------------------------------------------------------------------------------------------
48
|-----------42
|           |---------37
|           |         |---------------------------5        0    0    0    0    0    0    0    0    0    0    0    0    0    1    0    0    0    0    0    0    0    0    0    0    0
|           |         |-------33
|           |                 |-------------------6        0    0    0    0    0    0    0    0    0    0    0    1    0    0    0    0    0    0    0    0    0    0    0    0    0
|           |                 |-------------------10       0    0    0    0    0    0    0    0    0    0    0    0    1    0    0    0    0    0    0    0    0    0    0    0    0
|           |-----------------------30
|                                   |-------------4        0    0    0    0    0    0    0    0    0    0    1    0    0    0    0    0    0    0    0    0    0    0    0    0    0
|                                   |-----27
|                                         |-------20       0    0    0    0    0    0    0    0    0    0    0    0    0    0    0    1    0    0    0    0    0    0    0    0    0
|                                         |-------18       0    0    0    0    0    0    0    0    0    0    0    0    0    0    1    0    0    0    0    0    0    0    0    0    0
|-47
  |-----44
  |     |-----41
  |     |     |-40
  |     |     | |-----------------31
  |     |     | |                 |---------------16       0    0    1    0    0    0    0    0    0    0    0    0    0    0    0    0    0    0    0    0    0    0    0    0    0
  |     |     | |                 |---------------14       1    0    0    0    0    0    0    0    0    0    0    0    0    0    0    0    0    0    0    0    0    0    0    0    0
  |     |     | |---38
  |     |     |     |-----------------29
  |     |     |     |                 |-----------23       0    0    0    0    1    0    0    0    0    0    0    0    0    0    0    0    0    0    0    0    0    0    0    0    0
  |     |     |     |                 |-----------17       0    0    0    0    0    1    0    0    0    0    0    0    0    0    0    0    0    0    0    0    0    0    0    0    0
  |     |     |     |-----------------------------8        0    0    0    0    0    0    0    0    0    0    0    0    0    0    0    0    1    0    0    0    0    0    0    0    0
  |     |     |-----------------32
  |     |                       |-----------------13       0    0    0    0    0    0    0    0    0    1    0    0    0    0    0    0    0    0    0    0    0    0    0    0    0
  |     |                       |-----------------9        0    0    0    0    0    0    0    0    0    0    0    0    0    0    0    0    0    0    0    0    0    0    0    0    1
  |     |---------39
  |               |---------34
  |               |         |---------------------12       0    0    0    0    0    0    0    0    1    0    0    0    0    0    0    0    0    0    0    0    0    0    0    0    0
  |               |         |-----------28
  |               |                     |---26
  |               |                     |   |-----22       0    0    0    0    0    0    0    1    0    0    0    0    0    0    0    0    0    0    0    0    0    0    0    0    0
  |               |                     |   |-----24       0    0    0    0    0    0    0    0    0    0    0    0    0    0    0    0    0    0    0    0    1    0    0    0    0
  |               |                     |---------21       0    0    0    0    0    0    0    0    0    0    0    0    0    0    0    0    0    0    0    0    0    0    1    0    0
  |               |-------35
  |                       |-----------------------7        0    0    0    0    0    0    0    0    0    0    0    0    0    0    0    0    0    0    0    0    0    0    0    1    0
  |                       |-----------------------19       0    0    0    1    0    0    0    0    0    0    0    0    0    0    0    0    0    0    0    0    0    0    0    0    0
  |-46
    |-----------------------------------------25
    |                                         |---3        0    0    0    0    0    0    0    0    0    0    0    0    0    0    0    0    0    0    0    1    0    0    0    0    0
    |                                         |---15       0    0    0    0    0    0    0    0    0    0    0    0    0    0    0    0    0    0    1    0    0    0    0    0    0
    |-45
      |-----------------36
      |                 |-------------------------11       0    1    0    0    0    0    0    0    0    0    0    0    0    0    0    0    0    0    0    0    0    0    0    0    0
      |                 |-------------------------2        0    0    0    0    0    0    0    0    0    0    0    0    0    0    0    0    0    0    0    0    0    1    0    0    0
      |---43
          |---------------------------------------1        0    0    0    0    0    0    1    0    0    0    0    0    0    0    0    0    0    0    0    0    0    0    0    0    0
          |---------------------------------------0        0    0    0    0    0    0    0    0    0    0    0    0    0    0    0    0    0    1    0    0    0    0    0    0    0
--------------------------------------------------------------------------------
--------------------------------------------------------------------------------
-----------------------
------------------------------------------------------------------------------

Timing Information -----------------------------------------------------------
   I/O:                                   0.016 sec
   Clustering:                            0.000 sec
   Reporting:                             0.062 sec
********************************************************************************
