[47, 42]
 Q1: 0.6697086906580362 N1: 0.005882687248416522 Nclus: 52.507142371300304 q: 113.84400740296124
[42, 46, 44]
 Q1: 0.972443582631601 N1: 0.005662829145840782 Nclus: 52.507142371300304 q: 171.723984175973
[42, 44, 45, 25]
 Q1: 1.0504939826299922 N1: 0.005451187965774599 Nclus: 52.507142371300304 q: 192.70918361750526
[42, 44, 25, 43, 36]
 Q1: 1.2770343131548043 N1: 0.005247456610982362 Nclus: 52.507142371300304 q: 243.36252928363598
[42, 25, 43, 36, 39, 41]
 Q1: 1.6020276918547445 N1: 0.005051339461604813 Nclus: 52.507142371300304 q: 317.14908570919516
[42, 25, 36, 39, 41, 0, 1]
 Q1: 1.805394686138668 N1: 0.004862551946206414 Nclus: 52.507142371300304 q: 371.28542915560445
[25, 36, 39, 41, 0, 1, 30, 37]
 Q1: 2.086571181854131 N1: 0.004680820128854287 Nclus: 52.507142371300304 q: 445.770425783239
[25, 36, 39, 0, 1, 30, 37, 32, 40]
 Q1: 2.2950462343279154 N1: 0.004505880311629557 Nclus: 52.507142371300304 q: 509.344695287281
[25, 36, 39, 0, 1, 30, 37, 32, 38, 31]
 Q1: 2.486766823322636 N1: 0.004337478651994341 Nclus: 52.507142371300304 q: 573.3208213438097
[25, 36, 0, 1, 30, 37, 32, 38, 31, 35, 34]
 Q1: 2.699218852572491 N1: 0.004175370794459172 Nclus: 52.507142371300304 q: 646.4620713816425
[25, 36, 0, 1, 30, 37, 32, 31, 35, 34, 8, 29]
 Q1: 2.7273338451663793 N1: 0.0040193215160163895 Nclus: 52.507142371300304 q: 678.5557797002219
[25, 36, 0, 1, 30, 32, 31, 35, 34, 8, 29, 33, 5]
 Q1: 2.9511756441464096 N1: 0.0038691043848250147 Nclus: 52.507142371300304 q: 762.7542063019011
[25, 0, 1, 30, 32, 31, 35, 34, 8, 29, 33, 5, 2, 11]
 Q1: 3.0916955966134734 N1: 0.0037245014316518573 Nclus: 52.507142371300304 q: 830.09649837677
[25, 0, 1, 30, 32, 31, 34, 8, 29, 33, 5, 2, 11, 19, 7]
 Q1: 3.185362109530841 N1: 0.0035853028335920975 Nclus: 52.507142371300304 q: 888.4499461763575
[25, 0, 1, 30, 32, 31, 8, 29, 33, 5, 2, 11, 19, 7, 28, 12]
 Q1: 3.334517441740092 N1: 0.003451306609610419 Nclus: 52.507142371300304 q: 966.1608830855193
[25, 0, 1, 30, 32, 31, 8, 29, 5, 2, 11, 19, 7, 28, 12, 10, 6]
 Q1: 3.4388285151875717 N1: 0.0033223183274609116 Nclus: 52.507142371300304 q: 1035.0689416976197
[25, 0, 1, 30, 31, 8, 29, 5, 2, 11, 19, 7, 28, 12, 10, 6, 9, 13]
 Q1: 3.5519630675823057 N1: 0.003198150821560478 Nclus: 52.507142371300304 q: 1110.6302565959636
[25, 0, 1, 30, 8, 29, 5, 2, 11, 19, 7, 28, 12, 10, 6, 9, 13, 14, 16]
 Q1: 3.833000199360724 N1: 0.0030786239214063687 Nclus: 52.507142371300304 q: 1245.036840228846
[25, 0, 1, 8, 29, 5, 2, 11, 19, 7, 28, 12, 10, 6, 9, 13, 14, 16, 27, 4]
 Q1: 4.1210495425783416 N1: 0.002963564190143775 Nclus: 52.507142371300304 q: 1390.5720538411595
[25, 0, 1, 8, 5, 2, 11, 19, 7, 28, 12, 10, 6, 9, 13, 14, 16, 27, 4, 17, 23]
 Q1: 4.320276443514225 N1: 0.002852804672904131 Nclus: 52.507142371300304 q: 1514.3961605742256
[25, 0, 1, 8, 5, 2, 11, 19, 7, 12, 10, 6, 9, 13, 14, 16, 27, 4, 17, 23, 21, 26]
 Q1: 4.430003064486096 N1: 0.0027461846545489585 Nclus: 52.507142371300304 q: 1613.1482845292107
[25, 0, 1, 8, 5, 2, 11, 19, 7, 12, 10, 6, 9, 13, 14, 16, 4, 17, 23, 21, 26, 18, 20]
 Q1: 4.678073416192819 N1: 0.0026435494264677325 Nclus: 52.507142371300304 q: 1769.6182902256473
[25, 0, 1, 8, 5, 2, 11, 19, 7, 12, 10, 6, 9, 13, 14, 16, 4, 17, 23, 21, 18, 20, 24, 22]
 Q1: 4.859781536616291 N1: 0.0025447500620913873 Nclus: 52.507142371300304 q: 1909.728428348012
[0, 1, 8, 5, 2, 11, 19, 7, 12, 10, 6, 9, 13, 14, 16, 4, 17, 23, 21, 18, 20, 24, 22, 15, 3]
 Q1: 4.860620773613149 N1: 0.0024496432007957256 Nclus: 52.507142371300304 q: 1984.2158123412655
42: [42]
47: [47]
48: [47, 42]
Finish!
