306869.45807669114 125883.45460308096 28468.596003556686 10637.400763829939 8545.528448312376 22303.492200981862 16854.422805452257 16549.474685954734 6069.910857566553 3031.116040437985 5560.158401804683 24277.53264475259 54445.38690383469 82263.25241832549 117486.26817334673 7331.233910313188 40102.54936828229 68828.08714689847 17071.46779427083 124354.12401231399 8377.73954207085 18524.106920896156 109437.15218817846 87424.02493926825 14947.647006829868 
125883.45460308115 653698.7349236762 38555.92638093537 19819.24378214834 22450.847840161103 59106.586302582844 34670.92640597109 27807.490861075235 12284.399937980666 4155.899139522819 10825.478443725346 61621.55247458878 110704.01463478945 212025.14764945823 222288.4182667608 14823.3849422719 78410.76705407293 145051.33767076198 37093.44413103592 285307.127956491 19685.45668370227 31098.128003290014 220381.46189470534 140372.15627371427 29814.4889410339 
28468.59600355666 38555.92638093535 35390.686541531584 10673.852978590441 5457.041240746525 15556.53462822181 7271.995648476986 5535.08954172175 4411.421522005699 1041.8951363579238 3275.9555513730947 17712.48415112835 23536.486456193248 48338.933124541625 55982.05406022571 5970.550196170851 20704.89115420304 32837.413663709835 8565.098680056515 67587.75372172923 4972.598432342163 9330.419192081888 51480.333856305595 37260.485867258605 6525.474594673751 
10637.400763829954 19819.243782148365 10673.852978590465 135319.72577553452 9499.210680876275 20622.36592164332 11123.618697215747 5642.36162438356 7880.1231700061935 2155.8590171250057 5132.9978155817325 22697.06664584845 23950.57840205641 75349.25901908011 83004.53480815771 21755.75577773854 32699.42490440994 96544.73649650734 23876.493983845634 61271.68071065967 22250.379442012963 8402.447330759422 55279.75648159224 107108.5205892379 7290.797195414812 
8545.52844831239 22450.84784016116 5457.0412407465265 9499.21068087628 62125.323633153166 47086.44075947479 28736.931338388637 5605.233503378496 4350.683987549072 2604.0760232378334 17080.676743159165 16988.39485845056 19372.191368033764 64495.25266206874 133659.68925864427 5630.924812834312 47526.04135023273 112944.08060308435 59349.51500387597 183678.9560160488 27438.457665496855 9573.322953278835 62514.29785295226 57494.62972025994 9023.57412536415 
22303.49220098186 59106.58630258269 15556.53462822186 20622.36592164327 47086.44075947474 228270.05201704951 68101.11001415955 13757.582465654492 8603.580480519822 6115.541010931369 32771.42415167357 36326.339055660654 46490.40001306452 166860.3941787187 331092.55897202727 8767.650929389958 150824.2967393143 205879.4586006073 104545.95446686709 279685.91736156103 36225.746164194534 18511.820867069986 115908.96985429915 117702.4240816448 17602.292730523295 
16854.42280545223 34670.92640597097 7271.995648476988 11123.618697215741 28736.93133838864 68101.11001415955 99479.01761127751 6784.288483660475 7515.228492962778 3346.1949938609664 27059.121622116378 19651.912646256005 24280.337874650755 93889.26039787842 125716.35052825711 6325.568533933861 66457.47980317356 86203.19012565755 62166.162594338806 113417.51718461532 20183.615192246918 10306.549334423595 59265.910318435155 50819.098545188266 7609.016542258439 
16549.474685954752 27807.49086107522 5535.089541721753 5642.3616243835595 5605.233503378499 13757.582465654485 6784.288483660475 40996.341367254674 2905.283946400004 1766.9830320534852 3993.11525437859 12263.403428952737 28538.694585329762 47116.19700256463 51009.218750794855 3144.507828574018 17268.091708152093 33681.603848267034 8634.991313447037 76071.16021980252 3893.029812311147 11638.499643768328 102097.92013856658 37744.42280497829 10823.912942246605 
6069.910857566557 12284.39993798064 4411.421522005692 7880.123170006195 4350.683987549071 8603.580480519842 7515.228492962779 2905.283946400006 30988.031216828298 1586.536242500517 3115.773849747974 11283.157084326474 17535.86932744697 35132.131035847706 31334.391055187407 8515.128376556853 13347.122902421055 33224.54458904825 8789.897307086918 34346.81529530727 3230.4270745739373 5852.027962938318 38349.65087307128 33795.01400903583 4504.9758260329445 
3031.1160404379843 4155.899139522817 1041.895136357923 2155.859017125004 2604.076023237836 6115.541010931362 3346.1949938609664 1766.9830320534836 1586.536242500517 4848.737921580681 1311.9863229426703 3817.295781326235 7553.9204115936855 41503.46168326339 14514.56079235541 1419.5209293156322 5453.907622190719 17326.743390951622 4485.537306740725 22331.902496724117 1630.4832321571896 4651.281087856074 15477.248329332455 14595.252006900211 2853.1855071348755 
5560.158401804691 10825.47844372539 3275.955551373091 5132.997815581751 17080.676743159172 32771.42415167362 27059.12162211638 3993.1152543785843 3115.7738497479713 1311.986322942669 43128.60384867094 13959.359914396793 12252.785525884898 35882.14832383349 66809.87667167171 3440.1105079817053 31024.427588998245 47487.80031337324 35849.72468123074 62468.37795800249 10375.737002168897 5059.854053454967 33078.547555639074 26224.943676394367 4122.537739111146 
24277.532644752453 61621.552474588476 17712.484151128352 22697.066645848554 16988.394858450552 36326.33905566054 19651.912646256133 12263.403428952774 11283.15708432648 3817.2957813262374 13959.359914396786 250674.09225349323 52670.80252870185 209436.2526969281 150045.83907907634 13077.917915530288 51446.24935260215 116137.50464554093 29758.156339577195 177915.8970874727 14404.08418922223 22541.647470523094 179046.95054582576 130393.88578548853 19848.198411969614 
54445.38690383483 110704.0146347899 23536.48645619324 23950.578402056337 19372.191368033808 46490.400013064296 24280.33787465083 28538.69458532967 17535.869327446984 7553.920411593677 12252.785525884869 52670.80252870195 378630.36439782596 158574.62392220227 164161.17789665234 15496.053982153271 55867.03494136212 109936.99682238279 30238.16444901171 213201.01927792933 14771.985127870828 49425.910724142814 336765.9421747583 124287.89570859722 38016.00186067985 
82263.2524183249 212025.14764945695 48338.93312454144 75349.25901907984 64495.25266206871 166860.39417871847 93889.2603978788 47116.197002564295 35132.13103584763 41503.46168326342 35882.148323833564 209436.25269692708 158574.62392220146 1789964.3666208882 492247.6238325296 39192.301012804484 204330.5720578855 525977.9692644824 127353.22131136531 584103.607282488 62798.98352159887 110115.45180177955 378720.78018094914 478710.4714150627 54170.42915592688 
117486.26817334798 222288.41826675722 55982.054060225586 83004.5348081563 133659.6892586434 331092.55897202896 125716.35052825806 51009.218750795044 31334.39105518746 14514.56079235542 66809.8766716721 150045.8390790786 164161.1778966531 492247.62383251166 2742459.475356801 29781.77868572868 797894.1223172428 687554.5326915217 413556.76054165274 1077727.641369589 193063.41497661168 64153.82427585186 392925.5916018943 567504.195086932 57412.45350935368 
7331.233910313176 14823.384942271938 5970.5501961708505 21755.755777738552 5630.9248128343015 8767.650929389947 6325.568533933867 3144.507828574022 8515.128376556846 1419.5209293156317 3440.1105079817066 13077.91791553031 15496.0539821533 39192.30101280414 29781.77868572861 43627.78475018693 10326.94831421353 42659.17670418907 8751.626478808976 31637.556384589545 4712.253127033298 5154.156328270694 31309.82090484053 37734.90831034768 3913.3437264621452 
40102.549368282416 78410.76705407281 20704.891154203066 32699.42490440996 47526.04135023276 150824.296739314 66457.4798031735 17268.09170815217 13347.122902421026 5453.907622190732 31024.427588998227 51446.249352602215 55867.03494136203 204330.57205788093 797894.1223172601 10326.948314213532 451751.1147099763 273729.4746687104 192474.16147655365 327130.5533575915 63805.899870811314 22392.59482423063 146536.5759054772 224062.00703468797 20750.283075937376 
68828.08714689879 145051.33767076282 32837.413663709885 96544.7364965062 112944.08060308424 205879.45860060904 86203.19012565764 33681.603848267114 33224.544589048135 17326.743390951582 47487.80031337329 116137.50464554306 109936.9968223829 525977.969264487 687554.5326915085 42659.176704189435 273729.4746687099 1750819.2067550211 228319.4195207348 501179.64839726646 106642.94329600809 45617.77629923734 309142.6937250164 929433.3894296867 40877.932625637404 
17071.467794270848 37093.44413103552 8565.098680056519 23876.493983845627 59349.515003875946 104545.9544668672 62166.16259433911 8634.991313447003 8789.897307086927 4485.537306740721 35849.72468123054 29758.15633957725 30238.16444901175 127353.22131136547 413556.7605416566 8751.626478808994 192474.16147655473 228319.419520732 251243.79508407525 202140.22647324877 66243.23757881054 12568.891867684451 87615.93449950485 131021.90719696287 10543.654304576306 
124354.12401231474 285307.1279564909 67587.75372172936 61271.680710659915 183678.95601604777 279685.9173615617 113417.51718461541 76071.16021980275 34346.81529530717 22331.902496724146 62468.37795800238 177915.89708747264 213201.01927793017 584103.6072824822 1077727.641369571 31637.556384589585 327130.5533575968 501179.64839726366 202140.2264732471 2116330.469511043 116196.2494990996 120776.70065852295 613572.9080248569 471120.81080433406 96208.40407130659 
8377.739542070849 19685.45668370229 4972.598432342167 22250.37944201297 27438.457665496862 36225.74616419458 20183.61519224692 3893.0298123111434 3230.427074573939 1630.4832321571903 10375.737002168877 14404.084189222212 14771.985127870823 62798.98352159877 193063.41497661138 4712.253127033295 63805.899870811205 106642.94329600841 66243.2375788106 116196.24949909934 49957.61800689441 6956.379835387964 41671.36629410018 60652.999252438625 5046.435714505426 
18524.106920896134 31098.128003289963 9330.419192081881 8402.447330759423 9573.322953278826 18511.820867069957 10306.549334423595 11638.499643768342 5852.027962938323 4651.281087856076 5059.854053454962 22541.647470523058 49425.910724142836 110115.45180177837 64153.82427585222 5154.156328270686 22392.59482423053 45617.7762992366 12568.891867684459 120776.70065852223 6956.379835387966 81495.02080588586 131384.87699407013 45932.61457140181 32341.186874470663 
109437.15218817796 220381.46189470447 51480.33385630533 55279.75648159264 62514.29785295223 115908.96985429931 59265.91031843518 102097.920138567 38349.65087307096 15477.24832933243 33078.54755563943 179046.95054582506 336765.9421747565 378720.7801809454 392925.5916019179 31309.820904840817 146536.57590547975 309142.6937250109 87615.93449950406 613572.9080248689 41671.366294100175 131384.87699406958 1918829.1026353447 311015.27946653945 143213.08161174718 
87424.02493926922 140372.1562737148 37260.48586725863 107108.52058923633 57494.62972026051 117702.42408164452 50819.09854518724 37744.42280497871 33795.01400903565 14595.25200690024 26224.943676394287 130393.88578549148 124287.89570859732 478710.471415048 567504.195086937 37734.90831034784 224062.00703469524 929433.3894296684 131021.90719696383 471120.81080433656 60652.999252438065 45932.61457140228 311015.27946651884 1581964.4062358222 36751.8486643154 
14947.647006829857 29814.488941033942 6525.474594673747 7290.797195414809 9023.574125364146 17602.292730523313 7609.016542258419 10823.912942246612 4504.97582603295 2853.1855071348778 4122.537739111151 19848.198411969646 38016.001860679906 54170.42915592609 57412.453509352395 3913.343726462146 20750.283075937434 40877.93262563682 10543.654304576316 96208.40407130685 5046.435714505427 32341.186874470674 143213.0816117449 36751.84866431546 43304.37084403221 
