43
6 2.593253,26 7.861716,35 0.946821,51 1.994822,58 0.660244,60 2.557135,61 2.40951,65 1.935842,75 4.765733,92 1.501352,97 2.76779,99 6.441082,121 5.687471,131 4.417876,149 2.64154,172 3.367238,178 2.156924,180 1.511092,181 1.99543,192 2.585417,193 1.755523,199 5.474445,207 2.939679,219 3.354753,225 2.363283,355 5.621965,461 3.035728,498 7.401988,500 3.82737,513 9.386053,514 9.386053,557 3.394739,638 2.711793,755 3.346917,805 3.594145,849 3.982041,851 3.782635,867 2.939494,908 3.021135,987 2.427672,1000 cocoa
1 1.061562,24 1.67358,25 1.485417,26 7.861716,28 1.436755,33 2.663742,56 5.93036,58 1.046461,65 1.22138,69 2.964546,73 3.514834,93 1.504583,105 3.196915,117 3.838089,146 7.965425,158 1.88004,162 3.719452,171 2.577758,181 1.99543,185 2.801028,225 2.363283,253 2.721097,320 5.233835,345 2.866464,365 3.20155,367 6.194764,486 3.20155,518 5.549886,664 3.446107,671 4.263088,677 3.875192,679 2.577758,683 5.704447,691 7.273187,698 3.594145,718 8.71129,741 6.627437,747 4.58887,748 4.042353,769 4.743541,774 10.447988,783 9.885894,793 2.740088,811 8.712398,817 7.518335,834 4.58887,836 7.072886,839 5.704447,840 3.147511,843 5.704447,877 4.042353,903 5.704447,920 2.939494,951 3.82737,979 3.446107,988 3.740613,1000 cocoa
8 1.348617,26 5.6008,60 1.278568,61 2.40951,73 2.217613,75 6.013686,89 2.368895,96 4.301947,97 3.492562,99 3.220541,106 2.165276,121 2.843736,133 2.72071,159 2.264465,172 2.12449,216 2.505489,313 5.268714,326 6.366129,344 3.050635,355 2.810982,401 7.481227,403 2.721097,417 6.22345,422 5.304738,498 3.700994,686 5.645478,696 4.181447,745 3.875192,794 4.58887,887 5.704447,1000 cocoa
2 1.080624,3 2.755336,15 0.586686,24 0.647429,26 10.039329,35 2.447497,51 3.161718,60 2.557135,61 2.40951,65 1.22138,70 1.490159,75 12.290359,79 1.908452,86 2.281867,93 1.504583,97 7.137858,99 9.041202,100 5.016501,105 0.818276,106 2.165276,107 2.25417,117 2.421565,118 2.104964,121 10.523072,133 1.360355,141 2.074822,149 2.64154,158 1.88004,172 4.248981,174 1.950293,178 2.156924,180 2.395023,181 1.258976,192 7.756251,200 1.699684,207 1.46984,225 2.363283,227 2.078519,257 2.031933,285 4.514196,326 5.045038,359 2.821729,361 3.394739,380 2.810982,417 3.92656,421 2.721097,422 3.346917,558 4.181447,559 4.181447,573 3.501588,641 5.420488,645 4.58887,684 4.263088,723 5.387102,726 6.511687,765 4.58887,771 4.462494,820 3.663518,824 3.782635,880 3.627964,896 3.501588,904 4.355645,915 3.594145,916 2.570182,940 4.263088,948 5.223994,957 3.370416,961 5.223994,968 3.594145,985 5.223994,1000 cocoa
15 1.173373,26 7.238929,51 3.989644,60 1.278568,61 2.40951,65 1.22138,70 2.361846,75 9.531467,79 3.024825,97 5.535579,99 3.220541,106 3.431881,107 1.422223,115 1.145021,118 3.336289,121 9.446685,133 1.360355,149 6.133467,172 5.491728,174 1.950293,180 3.022183,181 1.258976,192 5.170834,200 1.699684,204 3.693802,257 2.031933,298 2.325218,326 6.366129,369 3.26016,380 2.810982,384 2.740088,400 9.09602,401 3.740613,403 4.312836,417 3.92656,499 6.311386,500 3.82737,513 4.042353,514 4.042353,573 3.501588,645 4.58887,649 2.693551,676 3.501588,723 2.693551,726 6.511687,729 3.220541,747 4.58887,764 3.782635,798 2.625036,814 3.06587,819 4.108417,859 4.462494,917 3.92656,922 4.743541,956 5.420488,957 3.370416,974 3.240068,1000 cocoa
1 1.061562,3 3.867602,15 1.173373,24 1.294858,26 11.201599,35 3.001352,43 3.771261,51 1.994822,53 2.190951,56 3.636183,60 1.278568,61 2.40951,65 3.428847,73 3.514834,75 14.2972,79 3.816904,96 3.705495,97 8.303369,99 11.141242,103 4.758751,107 1.422223,113 1.544583,117 3.838089,122 7.017375,133 4.081065,140 1.874495,146 3.081447,172 3.367238,192 5.170834,195 1.630311,207 2.329641,208 1.611162,219 3.354753,253 4.312836,271 2.600994,272 1.981805,285 5.832475,313 6.648377,326 3.183065,331 2.952451,344 3.050635,345 2.866464,355 2.810982,401 5.928732,411 2.749783,417 3.92656,421 2.721097,422 3.346917,465 3.183065,498 3.700994,499 3.982041,573 3.501588,616 4.042353,643 3.627964,654 4.58887,657 4.355645,666 5.704447,706 4.462494,707 4.743541,718 4.355645,736 3.700994,743 3.700994,746 3.346917,775 2.855007,777 5.704447,790 5.223994,806 4.263088,837 3.16506,863 2.866464,878 3.594145,890 4.942947,899 4.462494,916 5.967778,920 5.878988,941 4.042353,963 9.70902,964 3.594145,975 3.370416,1000 cocoa
26 5.6008,35 0.946821,60 1.278568,61 2.40951,75 4.765733,97 2.76779,99 3.220541,121 2.843736,172 2.12449,192 2.585417,647 4.108417,740 5.223994,1000 cocoa
26 5.6008,51 3.161718,60 1.278568,61 2.40951,75 9.020529,86 1.439698,97 5.238843,99 6.441082,106 3.431881,115 1.145021,121 7.983375,149 5.283081,172 4.932914,181 1.258976,192 4.097789,204 2.330529,272 1.981805,279 2.54794,285 3.081418,326 3.183065,343 3.006843,352 2.625036,355 2.810982,384 2.740088,400 5.135386,401 3.740613,417 3.92656,422 3.346917,435 2.914286,498 3.700994,499 3.982041,500 3.82737,513 8.084706,514 8.084706,558 4.181447,559 4.181447,723 4.269177,729 3.220541,779 3.782635,797 3.006843,889 4.108417,893 4.58887,913 4.942947,933 5.704447,1000 cocoa
26 2.8004,51 1.994822,60 1.278568,61 2.40951,75 3.006843,97 1.746281,99 5.104437,106 4.330551,107 1.422223,121 2.843736,172 3.367238,180 1.511092,192 4.097789,380 2.810982,400 5.135386,403 2.721097,500 3.82737,513 4.042353,514 4.042353,710 4.743541,744 3.021135,916 2.570182,1000 cocoa
26 9.687792,51 4.631833,60 2.026482,61 2.40951,70 2.980317,75 9.531467,86 2.281867,93 2.384708,97 5.535579,99 7.477865,106 5.027614,107 2.844445,118 4.209928,121 7.983375,128 1.998115,133 1.360355,149 6.133467,172 3.367238,174 1.950293,180 5.227518,192 4.097789,200 1.699684,204 4.661059,256 2.491898,279 2.54794,298 2.325218,326 3.183065,344 3.050635,346 2.44005,359 2.821729,361 5.380534,400 3.240068,403 2.721097,482 3.370416,499 7.964082,506 3.183065,574 7.481227,637 4.942947,727 3.594145,732 3.394739,734 3.050635,762 4.58887,799 2.821729,815 3.021135,830 5.704447,869 3.302182,958 4.58887,968 3.594145,990 3.531088,1000 cocoa
26 7.861716,35 0.946821,51 3.161718,60 2.026482,61 2.40951,65 1.22138,75 8.441275,81 1.88283,86 1.439698,97 4.90243,99 3.220541,106 4.330551,107 1.422223,121 7.35095,149 5.283081,172 3.367238,178 2.156924,181 1.258976,192 4.097789,223 1.284437,279 2.54794,293 2.264465,298 2.325218,313 3.324189,326 5.045038,343 3.006843,352 2.625036,384 2.740088,400 3.240068,401 3.740613,417 3.92656,422 5.304738,499 6.311386,500 3.82737,513 8.084706,514 8.084706,661 3.280853,706 4.462494,723 4.269177,897 4.58887,916 2.570182,920 2.939494,983 2.952451,986 2.866464,1000 cocoa
15 0.586686,26 9.302727,35 0.946821,51 3.161718,60 1.278568,61 2.40951,65 1.935842,75 9.531467,97 5.238843,99 5.104437,106 2.165276,107 1.422223,115 1.145021,121 8.531207,128 1.998115,132 2.478568,133 1.360355,149 5.283081,172 2.12449,192 2.585417,204 3.693802,253 2.721097,257 3.220538,285 1.944158,293 2.264465,298 3.685383,313 5.268714,326 6.366129,343 3.006843,344 4.835142,352 2.625036,384 2.740088,400 3.240068,401 3.740613,417 6.22345,499 9.246013,500 3.82737,513 6.406978,514 6.406978,573 3.501588,574 3.740613,661 3.280853,680 3.627964,690 4.58887,724 3.663518,775 2.855007,808 5.704447,852 3.419947,916 2.570182,920 4.658988,930 3.220541,983 2.952451,1000 cocoa
1 1.061562,15 0.929876,26 6.502327,60 2.026482,61 2.40951,75 6.013686,79 1.908452,97 3.492562,99 5.104437,107 1.422223,158 1.88004,172 2.12449,192 2.585417,326 3.183065,361 3.394739,573 3.501588,616 4.042353,726 4.108417,906 4.263088,984 4.355645,1000 cocoa
1 1.682535,3 3.56122,6 1.636161,15 1.173373,24 0.647429,25 1.485417,26 11.895896,35 2.658063,43 2.988653,51 1.994822,53 2.190951,60 1.278568,61 2.40951,65 4.225281,70 1.490159,73 3.514834,75 12.290359,92 1.501352,93 3.009166,96 3.705495,97 7.137858,99 10.698406,103 2.049482,105 0.818276,106 3.431881,107 3.302299,115 1.145021,116 2.173729,121 7.35095,131 3.01567,133 3.158646,141 4.149645,149 4.186742,151 2.264465,172 5.964199,174 1.950293,178 3.418644,180 2.395023,181 1.258976,192 8.588569,199 2.357715,200 3.399368,204 3.693802,207 4.126361,219 2.116614,223 1.284437,238 2.011445,243 1.725926,250 2.245343,256 2.491898,257 3.220538,272 3.141086,279 2.54794,285 1.944158,290 2.505489,326 5.045038,340 3.097382,355 2.810982,380 2.810982,384 2.740088,400 3.240068,401 3.740613,417 3.92656,422 3.346917,461 4.811516,498 3.700994,500 3.82737,513 8.084706,514 8.084706,645 4.58887,646 5.223994,647 4.108417,688 5.223994,694 3.501588,707 4.743541,710 4.743541,740 5.223994,743 3.700994,758 4.462494,764 3.782635,768 5.223994,788 3.501588,822 3.875192,833 5.704447,873 3.82737,876 3.982041,880 3.627964,895 4.942947,902 3.081447,911 3.006843,924 4.58887,926 3.982041,927 3.501588,949 3.627964,956 3.419947,963 4.181447,978 4.942947,980 4.355645,982 4.462494,984 4.355645,1000 cocoa
3 1.377668,6 1.636161,10 2.204154,24 0.647429,26 8.877058,35 0.946821,51 3.161718,60 2.557135,61 3.818982,65 1.22138,75 10.401968,86 1.439698,92 1.501352,93 1.504583,97 6.041139,99 9.041202,105 0.818276,106 3.431881,107 2.844445,115 2.290042,121 7.983375,131 1.902676,133 1.360355,141 2.074822,149 4.186742,158 1.88004,172 6.373471,177 2.341276,178 2.156924,180 3.906115,181 1.99543,192 7.756251,204 3.693802,207 1.46984,219 2.116614,223 1.284437,227 2.078519,269 2.082236,279 5.095881,298 2.325218,326 3.183065,355 2.810982,359 2.821729,361 3.394739,380 2.810982,417 3.92656,498 3.700994,500 6.066238,506 3.183065,513 4.042353,514 4.042353,558 4.181447,559 6.627437,636 4.462494,637 4.942947,638 2.711793,644 5.223994,653 2.625036,658 6.627437,679 4.085649,684 6.756835,692 3.394739,710 9.487082,731 3.5619,733 2.702612,744 3.021135,755 5.304738,792 3.324189,795 3.782635,812 3.324189,820 3.663518,824 3.782635,898 3.875192,913 4.942947,997 5.223994,1000 cocoa
1 2.98018,3 2.183552,9 5.303587,24 0.647429,25 1.485417,26 12.300245,30 1.611162,35 2.658063,43 1.88563,51 5.600173,60 2.968742,61 3.818982,65 3.66414,70 2.980317,71 2.421565,73 4.435227,75 11.448118,86 2.879396,87 2.391811,93 2.384708,96 1.852748,97 6.985123,99 9.661624,100 3.16506,102 1.632256,103 2.049482,105 1.296937,106 5.027614,107 3.302299,115 1.145021,117 2.421565,118 3.336289,121 5.687471,122 2.028476,128 1.998115,131 1.902676,133 1.360355,141 2.074822,149 5.283081,172 3.367238,174 1.950293,180 1.511092,181 1.258976,188 1.750887,192 5.170834,195 1.630311,198 4.509677,199 5.474445,200 2.693935,207 1.46984,219 4.233227,227 2.078519,235 2.521187,253 2.721097,257 2.031933,279 4.03839,285 3.888317,303 2.028476,313 3.324189,315 4.373886,326 6.366129,336 2.421565,344 3.050635,345 2.866464,346 2.44005,352 2.625036,361 5.380534,369 3.26016,378 2.914286,380 6.526899,385 2.711793,400 5.135386,403 2.721097,417 3.92656,494 6.406978,499 9.246013,655 5.704447,668 3.700994,681 3.875192,695 6.627437,697 5.704447,719 3.92656,722 6.311386,730 3.20155,734 7.083356,773 3.663518,776 4.58887,789 3.594145,791 4.263088,797 3.006843,799 2.821729,802 3.324189,803 5.704447,815 4.788386,816 3.130395,819 4.108417,829 4.743541,842 3.081447,853 5.704447,861 4.181447,879 3.006843,908 3.021135,916 2.570182,920 2.939494,924 7.273187,928 2.889963,950 3.700994,959 5.704447,962 4.462494,970 3.594145,977 3.627964,990 3.531088,991 3.82737,996 3.370416,1000 cocoa
26 7.238929,51 3.989644,60 1.278568,61 2.40951,70 1.490159,75 8.441275,86 1.439698,97 4.90243,99 3.220541,107 2.25417,115 1.145021,118 2.104964,121 5.687471,131 1.902676,133 1.360355,149 5.283081,174 1.950293,192 4.097789,200 1.699684,257 2.031933,326 3.183065,344 3.050635,384 2.740088,417 3.92656,422 3.346917,499 6.311386,656 3.82737,679 2.577758,723 2.693551,775 2.855007,802 3.324189,820 3.663518,889 4.108417,900 3.531088,968 3.594145,1000 cocoa
26 2.8004,60 1.278568,61 2.40951,75 4.765733,86 2.281867,97 2.76779,99 6.441082,115 1.145021,121 4.507214,180 2.395023,192 2.585417,400 3.240068,558 4.181447,559 4.181447,634 3.875192,640 3.594145,981 4.108417,1000 cocoa
9 2.284131,10 2.204154,26 4.438529,78 1.413648,105 1.296937,345 4.543238,729 3.220541,867 2.939494,1000 cocoa
3 3.867602,26 5.6008,27 2.86181,28 2.277202,37 3.252878,39 1.565484,53 2.190951,93 2.384708,102 3.264511,502 3.594145,760 4.743541,1000 cocoa
26 2.8004,51 1.994822,54 1.463705,60 2.026482,65 1.22138,70 1.490159,75 3.006843,97 1.746281,107 2.25417,118 2.104964,149 2.64154,174 1.950293,181 1.258976,192 2.585417,200 1.699684,204 2.330529,219 2.116614,428 2.878114,669 4.263088,782 4.58887,874 3.782635,1000 cocoa
3 3.56122,26 4.438529,56 2.294176,69 1.482273,113 1.544583,171 5.985368,181 2.923252,401 3.740613,796 9.885894,870 3.130395,1000 cocoa
3 3.56122,26 4.438529,56 2.294176,113 1.544583,171 5.985368,181 2.923252,401 3.740613,832 11.408894,870 3.130395,1000 cocoa
3 3.56122,26 4.438529,56 2.294176,113 1.544583,171 5.985368,181 2.923252,401 3.740613,828 10.447988,870 3.130395,1000 cocoa
15 0.586686,26 4.438529,27 1.430905,60 1.278568,61 2.40951,70 1.490159,99 6.441082,128 1.998115,150 1.601783,207 1.46984,225 2.363283,652 3.26016,672 3.782635,825 2.633239,1000 cocoa
15 0.929876,26 10.039329,35 2.198451,60 1.278568,61 2.40951,65 1.935842,73 2.217613,75 6.013686,79 1.908452,93 1.504583,96 1.852748,97 4.054739,99 5.104437,107 2.25417,121 6.60295,122 2.028476,133 1.360355,158 1.88004,172 4.932914,178 2.156924,180 2.395023,181 1.258976,192 6.003152,199 3.73689,285 3.081418,313 3.324189,326 3.183065,344 3.050635,378 2.914286,380 2.810982,401 3.740613,457 3.081447,573 3.501588,616 4.042353,726 4.108417,768 5.223994,788 3.501588,809 5.704447,937 3.346917,1000 cocoa
15 0.586686,26 6.502327,51 3.161718,60 1.278568,61 2.40951,65 1.935842,75 9.531467,86 2.879396,97 5.535579,99 5.104437,106 4.330551,118 3.336289,121 7.983375,149 4.186742,158 1.88004,174 1.950293,192 4.097789,200 1.699684,204 3.693802,232 2.148672,266 2.446323,326 3.183065,359 2.821729,361 3.394739,400 3.240068,403 2.721097,417 3.92656,482 3.370416,558 4.181447,559 4.181447,645 4.58887,684 4.263088,687 3.183065,734 3.050635,867 2.939494,902 3.081447,973 3.26016,990 3.531088,1000 cocoa
26 5.6008,51 3.161718,60 1.278568,61 2.40951,75 8.441275,79 1.908452,86 4.041743,97 4.90243,99 5.104437,121 7.983375,133 1.360355,149 4.186742,158 1.88004,192 6.003152,202 2.593162,257 2.031933,326 3.183065,356 2.616929,361 3.394739,400 5.135386,403 2.721097,506 3.183065,558 4.181447,559 8.362894,645 4.58887,684 8.526176,731 3.5619,991 3.82737,993 3.82737,1000 cocoa
26 2.8004,51 1.994822,60 1.278568,75 4.765733,79 1.908452,86 1.439698,97 2.76779,99 5.104437,118 2.104964,121 4.507214,149 4.186742,172 3.367238,192 4.097789,272 3.141086,298 2.325218,558 4.181447,559 4.181447,883 3.473293,893 4.58887,984 4.355645,1000 cocoa
26 6.502327,51 1.994822,60 1.278568,61 2.40951,65 1.22138,70 1.490159,75 9.988516,79 1.908452,86 1.439698,97 5.801019,99 6.441082,106 5.027614,107 2.25417,121 7.35095,128 1.998115,133 1.360355,149 2.64154,172 3.367238,180 1.511092,192 4.097789,204 4.661059,279 2.54794,285 1.944158,356 2.616929,361 3.394739,400 5.135386,417 3.92656,422 3.346917,453 3.370416,482 3.370416,499 3.982041,558 4.181447,559 4.181447,635 4.263088,639 4.108417,702 5.704447,734 3.050635,739 3.663518,744 3.021135,797 3.006843,814 3.06587,824 3.782635,869 3.302182,906 4.263088,909 3.501588,914 3.501588,984 4.355645,989 3.627964,1000 cocoa
26 2.8004,60 1.278568,61 2.40951,99 6.441082,361 3.394739,401 3.740613,558 4.181447,559 4.181447,848 3.782635,1000 cocoa
6 2.593253,26 7.861716,35 0.946821,51 1.994822,58 0.660244,60 2.557135,61 2.40951,65 1.935842,75 4.765733,92 1.501352,97 2.76779,99 6.441082,121 5.687471,131 4.417876,149 2.64154,172 3.367238,178 2.156924,180 1.511092,181 1.99543,192 2.585417,193 1.755523,199 5.474445,207 2.939679,219 3.354753,225 2.363283,355 5.621965,461 3.035728,498 7.401988,500 3.82737,513 9.386053,514 9.386053,557 3.394739,638 2.711793,755 3.346917,805 3.594145,849 3.982041,851 3.782635,867 2.939494,908 3.021135,987 2.427672,1000 cocoa
6 1.636161,26 2.8004,60 1.278568,61 2.40951,92 1.501352,99 7.477865,172 4.248981,181 1.258976,279 4.03839,361 6.789478,500 6.066238,513 6.406978,514 6.406978,658 4.181447,795 3.782635,987 2.427672,997 5.223994,1000 cocoa
3 1.377668,4 1.174563,9 6.412365,26 4.438529,35 1.893643,43 2.988653,51 3.161718,60 1.278568,65 2.835957,72 1.264681,73 2.217613,75 4.765733,78 1.413648,97 2.76779,107 2.25417,113 1.544583,116 2.173729,131 3.805351,140 1.874495,151 2.264465,192 2.585417,198 2.254838,207 2.939679,219 3.354753,223 1.284437,255 2.562689,378 2.914286,385 2.711793,689 4.942947,714 4.263088,749 4.108417,752 3.097382,801 3.346917,850 4.743541,854 3.473293,866 13.245316,868 4.58887,987 2.427672,1000 cocoa
26 2.8004,52 2.354329,60 1.278568,99 6.441082,652 3.26016,700 3.740613,818 4.58887,1000 cocoa
0 1.24103,9 2.284131,10 2.204154,26 2.8004,42 2.12449,60 1.278568,78 2.240578,165 2.299254,198 3.573834,219 2.116614,266 2.446323,272 1.981805,675 3.324189,717 5.704447,848 3.782635,929 5.704447,976 4.263088,1000 cocoa
3 1.377668,15 0.586686,26 7.861716,35 1.500676,51 3.161718,60 2.557135,65 1.935842,75 4.765733,79 1.908452,97 2.76779,115 1.145021,121 2.843736,130 1.998115,131 3.01567,159 2.264465,180 2.395023,192 2.585417,199 2.357715,204 2.330529,205 1.88283,207 2.939679,225 3.745714,243 1.725926,346 2.44005,355 2.810982,401 3.740613,498 3.700994,667 5.704447,694 3.501588,810 5.223994,825 2.633239,848 3.782635,905 3.875192,955 5.223994,969 4.58887,995 4.942947,1000 cocoa
20 1.519314,26 2.8004,33 1.680634,35 1.893643,73 2.217613,75 3.006843,96 3.705495,97 1.746281,99 3.220541,102 1.632256,103 4.758751,140 1.874495,243 1.725926,279 4.03839,280 2.190951,315 2.759615,422 3.346917,670 5.704447,682 5.704447,735 4.58887,763 4.181447,770 4.942947,787 4.58887,855 3.875192,856 5.223994,881 5.704447,945 4.942947,1000 cocoa
1 1.061562,3 2.755336,6 1.636161,15 0.586686,26 5.6008,27 1.430905,58 1.320487,63 1.514369,407 2.866464,767 4.042353,910 3.473293,920 2.939494,1000 cocoa
1 1.061562,3 2.755336,15 0.586686,24 0.647429,26 8.877058,27 2.267931,35 0.946821,51 1.994822,54 1.463705,58 0.660244,60 1.278568,65 2.44276,70 2.361846,73 2.217613,75 7.772576,93 1.504583,97 5.238843,107 2.844445,122 4.709976,181 1.258976,192 5.170834,199 6.094605,204 3.693802,207 1.46984,219 2.116614,235 1.590692,250 2.245343,278 6.917287,285 1.944158,344 10.133991,378 2.914286,461 3.035728,499 3.982041,616 8.084706,653 2.625036,673 4.619034,751 4.108417,766 3.782635,775 2.855007,804 3.627964,886 4.355645,946 4.042353,953 6.142034,1000 cocoa
16 1.684823,20 1.519314,26 5.6008,35 0.946821,60 1.278568,61 2.40951,75 3.006843,86 1.439698,97 1.746281,99 5.104437,103 3.248353,105 0.818276,106 2.165276,107 1.422223,115 1.814816,121 2.843736,122 4.056953,131 3.01567,133 1.360355,192 2.585417,204 2.330529,219 2.116614,232 2.148672,267 2.001423,298 2.325218,315 2.759615,400 3.240068,403 2.721097,408 3.240068,422 3.346917,711 5.223994,712 5.704447,737 3.5619,807 3.92656,821 3.097382,831 4.58887,835 4.942947,865 3.130395,879 3.006843,901 4.355645,939 3.446107,993 3.82737,1000 cocoa
1 1.682535,24 2.646342,26 4.438529,56 6.882529,58 2.092922,63 3.028738,65 1.22138,130 1.998115,146 9.767955,148 2.491898,162 2.346713,173 2.740088,179 2.600994,181 1.258976,185 3.534503,193 1.755523,208 1.611162,214 2.173729,239 2.855007,259 4.493065,288 2.44005,295 4.70045,365 7.433768,383 4.200059,486 3.20155,502 10.090041,542 3.594145,613 3.92656,651 3.782635,660 6.066238,665 4.462494,676 3.501588,691 11.862057,703 15.671983,705 4.58887,713 5.704447,715 10.620104,725 3.370416,756 4.743541,757 5.704447,761 3.782635,767 4.042353,784 4.355645,785 5.223994,786 3.663518,798 2.625036,827 3.130395,838 3.92656,847 3.370416,862 8.279835,878 3.594145,884 3.982041,916 2.570182,921 4.263088,932 5.505038,935 3.006843,954 11.53538,967 4.355645,994 5.704447,1000 cocoa
1 1.061562,13 1.539455,24 1.817563,26 2.8004,56 5.326912,57 1.454605,58 1.046461,65 1.22138,68 1.400981,122 4.056953,146 4.883978,159 2.264465,162 3.719452,193 1.755523,208 2.553632,218 1.86626,295 4.70045,307 2.855007,365 3.20155,371 3.220541,377 2.779707,383 2.649942,486 5.074336,502 5.696585,613 3.92656,631 4.181447,651 3.782635,674 4.462494,703 12.129739,715 4.108417,718 4.355645,728 4.743541,738 5.704447,741 4.181447,767 4.042353,781 5.704447,798 2.625036,827 3.130395,838 3.92656,864 3.92656,907 3.663518,932 3.473293,954 7.072886,971 3.594145,1000 cocoa