92
3 2.183552,9 5.904392,15 1.173373,35 0.946821,103 2.049482,211 4.765733,244 1.728158,502 3.594145,621 4.181447,966 5.223994,996 5.341982,1000 coffee
9 5.904392,15 0.586686,24 0.647429,27 2.267931,58 0.660244,69 1.482273,72 1.264681,79 1.908452,81 1.88283,95 2.633239,146 7.154898,148 3.949565,159 3.589093,170 2.939494,209 4.241006,225 2.363283,253 4.312836,290 2.505489,317 3.99308,342 3.627964,377 4.405732,459 3.5619,1000 coffee
1 2.123123,3 1.377668,5 1.541608,8 2.137508,9 6.852392,10 3.493501,13 1.539455,14 1.616852,15 0.586686,20 1.519314,24 1.503284,25 3.839746,26 5.6008,27 4.017059,29 2.060229,30 1.611162,35 2.658063,43 1.88563,51 1.994822,54 1.463705,56 5.326912,57 1.454605,58 2.284067,59 1.636161,60 2.557135,61 2.40951,65 1.935842,66 5.853551,71 3.838089,72 3.550409,78 2.827295,94 7.415741,101 3.32826,102 2.587064,105 1.296937,106 2.165276,114 2.042409,115 1.145021,131 3.01567,133 1.360355,138 2.391811,149 2.64154,156 4.438529,159 9.255919,161 2.008088,162 5.448898,173 6.362288,181 1.99543,189 4.726565,190 2.40356,193 1.755523,195 4.576862,198 2.254838,203 2.144583,204 3.693802,207 3.79948,223 1.284437,225 2.363283,243 1.725926,253 8.16329,259 1.935058,270 2.014818,281 2.979793,295 5.931308,299 4.147734,303 2.028476,349 3.097382,357 6.254231,377 2.779707,392 3.740613,393 3.740613,406 3.473293,502 3.594145,524 3.663518,543 5.596642,752 3.097382,842 3.081447,867 4.658988,872 2.952451,885 4.181447,941 4.042353,957 3.370416,987 2.427672,1000 coffee
9 6.412365,15 0.586686,24 2.150713,25 4.45625,27 2.267931,35 1.500676,51 3.161718,56 3.636183,58 0.660244,60 1.278568,61 2.40951,63 1.514369,66 4.638829,70 3.460041,71 5.622699,106 3.431881,107 3.302299,117 2.421565,130 1.998115,131 3.805351,132 2.478568,138 2.391811,146 7.965425,158 1.88004,159 7.178186,181 1.258976,194 2.965654,195 2.583982,207 1.46984,214 2.173729,223 1.284437,225 3.745714,231 3.926735,253 2.721097,256 2.491898,266 2.446323,289 2.459041,312 2.616929,342 7.255928,362 7.401988,365 3.20155,392 11.857464,393 3.740613,407 2.866464,461 3.035728,638 2.711793,714 4.263088,715 6.511687,733 2.702612,869 3.302182,908 3.021135,987 2.427672,1000 coffee
9 5.904392,24 1.294858,31 4.411212,38 1.9722,51 3.989644,59 1.636161,63 1.514369,65 1.22138,107 1.422223,138 4.783623,141 4.149645,146 6.162894,172 2.12449,213 2.067487,253 2.721097,285 1.944158,293 2.264465,362 9.566931,1000 coffee
567 3.5619,1000 coffee
1 1.061562,9 6.412365,24 0.647429,25 2.354329,35 1.893643,51 1.994822,53 2.190951,58 0.660244,60 1.278568,61 2.40951,66 5.853551,69 2.349347,71 4.843129,92 1.501352,107 1.422223,109 1.536058,130 1.998115,131 1.902676,146 3.081447,150 1.601783,159 4.528931,172 2.12449,180 3.022183,188 1.750887,194 2.965654,207 1.46984,219 3.354753,223 1.284437,272 1.981805,278 2.979113,279 2.54794,330 2.368895,385 2.711793,392 3.740613,393 3.740613,548 3.663518,863 2.866464,886 4.355645,951 3.82737,1000 coffee
1 1.061562,2 1.080624,5 0.972647,8 2.137508,9 7.587717,15 0.929876,24 1.026151,25 4.170091,27 2.86181,29 2.060229,38 1.9722,47 1.699684,51 3.161718,54 2.927411,56 2.294176,60 1.278568,69 2.964546,72 2.004472,78 1.413648,91 2.945052,92 1.501352,93 1.504583,105 0.818276,123 2.421565,133 1.360355,144 3.971107,146 3.081447,148 2.491898,162 2.346713,207 1.46984,235 1.590692,248 2.001423,249 2.779707,303 3.215059,317 2.519353,335 2.386011,367 3.097382,412 7.409702,597 3.875192,631 4.181447,687 3.183065,698 3.594145,709 4.942947,715 4.108417,723 4.269177,822 3.875192,825 2.633239,991 3.82737,1000 coffee
1 1.061562,9 5.303587,25 2.970833,51 3.161718,60 2.026482,61 2.40951,65 2.44276,70 1.490159,71 4.843129,92 1.501352,107 1.422223,131 1.902676,138 2.391811,159 2.264465,178 3.418644,180 3.906115,253 2.721097,281 1.88004,356 2.616929,373 2.779707,392 3.740613,393 3.740613,429 3.594145,485 3.006843,488 3.531088,606 4.042353,613 3.92656,629 6.406978,638 2.711793,762 4.58887,916 2.570182,1000 coffee
1 1.061562,2 1.712749,5 1.945293,9 5.303587,58 0.660244,60 1.278568,65 1.935842,72 2.529362,92 1.501352,105 1.636552,133 1.360355,174 1.950293,181 1.99543,188 1.750887,194 5.931308,195 1.630311,196 2.021613,203 2.144583,207 2.329641,214 2.173729,243 1.725926,281 1.88004,373 4.405732,981 4.108417,1000 coffee
1 1.061562,6 1.636161,7 1.902676,9 6.412365,10 2.204154,13 1.539455,18 2.335882,20 1.519314,24 1.503284,25 2.354329,26 2.8004,27 1.430905,29 2.060229,35 1.893643,47 1.699684,49 4.568261,51 1.994822,58 1.533038,59 1.636161,60 1.278568,61 4.819019,63 1.514369,65 3.871683,69 2.349347,71 3.838089,78 2.827295,82 2.421565,94 2.64154,102 1.632256,105 0.818276,107 1.422223,109 1.536058,128 3.166937,133 1.360355,156 2.8004,162 2.346713,181 1.258976,193 1.755523,198 2.254838,219 2.116614,225 2.363283,232 2.148672,243 1.725926,247 2.274228,248 2.001423,256 2.491898,303 2.028476,307 4.525078,324 5.596642,331 2.952451,440 2.914286,443 3.324189,466 3.531088,510 5.696585,657 6.903534,879 3.006843,916 2.570182,991 3.82737,1000 coffee
1 1.061562,9 7.240523,12 1.668219,24 1.026151,25 2.970833,27 2.267931,35 2.198451,51 6.626655,56 5.326912,58 1.533038,60 2.557135,61 2.40951,65 2.835957,66 11.143273,68 1.400981,69 1.482273,70 3.460041,71 9.898055,73 2.217613,75 3.006843,79 3.024825,87 4.783623,96 3.705495,97 3.492562,106 5.597156,107 1.422223,113 1.544583,115 1.145021,121 7.35095,122 4.709976,131 1.902676,133 2.72071,138 2.391811,140 1.874495,146 3.081447,149 7.415741,158 1.88004,159 5.853558,172 2.12449,182 2.374554,195 1.630311,199 2.357715,204 5.411322,219 3.354753,225 2.363283,231 1.691153,243 3.451852,250 2.245343,253 4.312836,256 2.491898,257 2.031933,268 2.40356,279 2.54794,281 1.88004,335 2.386011,358 2.8004,361 3.394739,362 3.700994,365 3.20155,372 2.667058,380 4.455302,383 2.649942,385 4.298089,392 11.22184,393 3.740613,400 3.240068,406 6.946585,447 2.769588,550 5.750187,574 3.740613,616 4.042353,653 4.160584,681 3.875192,750 5.223994,815 3.021135,842 3.081447,863 2.866464,900 3.531088,911 3.006843,987 2.427672,993 3.82737,1000 coffee
1 1.061562,5 1.541608,9 4.568261,60 1.278568,65 1.935842,72 2.529362,92 1.501352,105 1.296937,133 1.360355,174 1.950293,181 1.258976,188 1.750887,194 5.931308,195 1.630311,196 2.021613,203 2.144583,207 1.46984,214 2.173729,243 1.725926,281 1.88004,373 4.405732,981 6.511687,1000 coffee
9 6.852392,25 1.485417,35 1.500676,60 2.026482,61 2.40951,65 2.835957,66 5.853551,68 1.400981,71 5.622699,87 3.790931,102 1.632256,106 2.165276,107 2.25417,144 2.505489,204 2.330529,205 1.88283,219 2.116614,243 1.725926,270 2.014818,285 1.944158,298 2.325218,380 4.455302,385 4.298089,406 5.505038,621 11.738806,730 3.20155,794 4.58887,902 3.081447,920 2.939494,1000 coffee
1 1.061562,9 8.188522,24 0.647429,25 2.970833,39 1.565484,51 3.989644,54 1.463705,58 0.660244,60 2.026482,65 3.428847,66 5.853551,70 1.490159,71 3.838089,72 2.004472,73 2.217613,78 1.413648,87 4.783623,92 1.501352,96 3.705495,105 0.818276,106 2.165276,107 2.25417,127 2.30437,131 1.902676,133 1.360355,149 2.64154,151 2.264465,159 2.264465,180 1.511092,198 2.254838,204 2.330529,219 3.354753,223 1.284437,243 2.735528,281 3.760081,282 2.386011,334 2.446323,365 3.20155,380 2.810982,633 4.263088,863 2.866464,1000 coffee
9 3.620261,25 1.485417,51 1.994822,60 1.278568,61 2.40951,71 4.843129,86 1.439698,87 2.391811,107 1.422223,121 4.507214,131 1.902676,149 2.64154,172 2.12449,180 1.511092,346 2.44005,359 2.821729,361 3.394739,548 3.663518,679 2.577758,852 3.419947,996 3.370416,1000 coffee
9 5.303587,25 2.354329,51 3.161718,56 2.294176,58 0.660244,60 1.278568,61 2.40951,65 1.935842,66 2.926776,71 3.838089,87 2.391811,107 1.422223,121 5.687471,131 3.01567,149 4.186742,159 3.589093,172 3.367238,178 2.156924,180 1.511092,204 2.330529,207 1.46984,208 1.611162,279 2.54794,359 2.821729,365 3.20155,380 2.810982,400 3.240068,660 3.82737,679 2.577758,792 3.324189,863 2.866464,893 4.58887,985 5.223994,1000 coffee
1 1.061562,9 5.904392,25 2.354329,37 2.577845,60 1.278568,61 2.40951,66 4.638829,71 3.838089,107 1.422223,131 3.01567,164 2.082236,219 2.116614,291 4.60874,314 2.136476,323 5.170834,385 2.711793,916 2.570182,1000 coffee
1 1.061562,9 8.188522,12 2.644065,25 1.485417,30 1.611162,35 1.893643,37 1.626439,39 1.565484,51 6.323436,52 1.485417,56 2.294176,59 3.799047,60 1.278568,61 2.40951,63 1.514369,65 1.22138,66 4.638829,70 3.852004,71 6.798191,86 2.879396,87 2.391811,106 3.431881,107 1.422223,109 3.566615,118 2.104964,128 3.166937,131 6.031339,137 2.112709,149 2.64154,150 3.719224,159 7.522392,164 2.082236,172 2.12449,174 1.950293,181 1.258976,194 5.931308,197 2.485201,200 1.699684,204 6.024331,207 1.46984,219 5.471367,231 3.382305,238 3.188065,281 1.88004,291 2.30437,314 3.386234,323 2.585417,355 2.810982,356 2.616929,380 2.810982,385 4.298089,429 3.594145,488 3.531088,498 3.700994,550 10.184982,574 8.685435,606 4.042353,613 3.92656,725 3.370416,869 3.302182,908 3.021135,973 3.26016,983 2.952451,987 2.427672,1000 coffee
1 2.123123,2 1.080624,5 0.972647,9 8.452287,15 0.929876,24 0.647429,25 3.839746,30 2.553632,35 1.893643,51 3.989644,57 1.454605,58 1.320487,60 2.026482,61 2.40951,63 1.514369,65 3.157222,66 6.795762,70 3.460041,71 8.377237,73 2.217613,81 1.88283,86 1.439698,96 1.852748,103 2.049482,105 1.296937,106 2.165276,107 2.25417,115 1.145021,121 7.35095,128 1.998115,131 4.417876,133 1.360355,138 2.391811,140 1.874495,146 3.081447,149 5.283081,151 3.589093,159 6.357158,172 3.367238,180 2.395023,194 4.70045,204 3.693802,219 2.116614,222 1.750887,253 2.721097,254 2.519353,356 2.616929,361 3.394739,362 3.700994,365 3.20155,380 2.810982,385 4.298089,392 3.740613,393 3.740613,400 3.240068,406 3.473293,407 2.866464,481 2.979113,485 3.006843,550 3.627964,631 4.181447,649 2.693551,653 2.625036,678 2.889963,814 3.06587,816 3.130395,863 2.866464,899 4.462494,908 3.021135,911 3.006843,916 2.570182,935 3.006843,984 4.355645,1000 coffee
9 2.284131,10 2.204154,26 2.8004,78 2.240578,1000 coffee
9 5.904392,15 0.586686,24 1.503284,25 2.970833,27 1.430905,54 2.319918,58 1.320487,60 1.278568,66 2.926776,70 1.490159,71 3.838089,92 1.501352,105 1.296937,114 2.042409,128 3.166937,131 3.01567,146 4.883978,159 3.589093,181 1.258976,188 1.750887,194 7.666104,219 3.354753,256 2.491898,259 1.935058,281 1.88004,385 2.711793,407 2.866464,548 3.663518,574 3.740613,725 3.370416,908 3.021135,1000 coffee
1 1.061562,6 1.636161,9 7.587717,24 2.150713,25 5.138697,27 1.430905,35 2.198451,39 1.565484,51 1.994822,54 1.463705,58 1.046461,59 1.636161,60 1.278568,61 2.40951,65 1.22138,66 5.853551,69 1.482273,70 2.980317,71 4.843129,92 1.501352,109 1.536058,113 1.544583,114 2.042409,130 3.166937,131 3.01567,133 2.156111,137 2.112709,140 1.874495,146 7.965425,150 1.601783,180 1.511092,181 1.99543,188 1.750887,194 10.259477,204 2.330529,207 2.329641,219 3.354753,225 4.726565,231 3.382305,243 2.735528,256 2.491898,259 1.935058,270 2.014818,278 2.979113,342 3.627964,346 2.44005,385 2.711793,400 3.240068,407 2.866464,548 5.806538,631 4.181447,651 3.782635,660 3.82737,767 4.042353,775 2.855007,863 2.866464,877 4.042353,911 3.006843,952 3.92656,983 2.952451,1000 coffee
9 3.620261,35 1.500676,56 2.294176,65 1.22138,146 3.081447,194 2.965654,278 2.979113,1000 coffee
1 1.061562,9 5.904392,25 2.354329,35 0.946821,39 1.565484,51 1.994822,56 2.294176,58 0.660244,60 1.278568,61 2.40951,65 2.44276,66 4.638829,70 3.460041,71 3.838089,105 0.818276,107 1.422223,114 2.042409,115 1.145021,128 3.166937,133 1.360355,151 2.264465,159 4.528931,180 1.511092,194 5.931308,207 1.46984,208 2.553632,219 2.116614,225 2.363283,245 2.089729,256 3.949565,270 2.014818,281 1.88004,346 2.44005,365 3.20155,373 2.779707,380 2.810982,385 4.298089,406 3.473293,574 3.740613,649 2.693551,660 3.82737,863 2.866464,870 3.130395,916 2.570182,930 3.220541,1000 coffee
9 5.904392,25 1.485417,35 0.946821,39 1.565484,51 1.994822,60 2.026482,61 3.818982,70 2.361846,71 2.421565,159 2.264465,180 3.022183,181 1.258976,194 5.931308,219 2.116614,225 2.363283,256 3.949565,270 2.014818,278 2.979113,281 1.88004,346 2.44005,548 3.663518,629 4.042353,633 4.263088,653 2.625036,656 3.82737,755 3.346917,983 2.952451,993 3.82737,1000 coffee
1 1.061562,9 7.240523,24 1.294858,25 4.934447,27 1.430905,35 2.447497,51 3.989644,58 0.660244,60 1.278568,65 2.44276,66 5.853551,69 1.482273,71 3.838089,81 1.88283,87 3.790931,92 1.501352,103 2.049482,107 2.844445,115 1.145021,122 2.028476,131 3.805351,133 2.72071,146 6.162894,159 5.257926,180 1.511092,181 1.258976,188 1.750887,194 9.4009,207 1.46984,219 4.233227,223 1.284437,225 2.363283,231 3.926735,253 2.721097,254 2.519353,259 1.935058,278 2.979113,320 3.302182,330 2.368895,358 2.8004,385 2.711793,400 3.240068,406 3.473293,407 2.866464,550 3.627964,789 3.594145,863 2.866464,870 3.130395,910 3.473293,960 3.663518,987 2.427672,1000 coffee
9 5.303587,15 0.586686,25 3.44903,60 2.026482,65 1.22138,66 4.638829,70 2.361846,71 5.622699,81 1.88283,87 3.790931,91 1.858121,92 2.379586,109 1.536058,128 3.166937,138 2.391811,146 3.081447,149 2.64154,150 1.601783,180 2.395023,181 1.99543,207 1.46984,219 2.116614,223 1.284437,250 3.558784,256 2.491898,286 3.035728,290 2.505489,429 7.18829,488 8.198933,764 3.782635,956 3.419947,1000 coffee
2 3.241873,4 3.036202,9 2.284131,24 1.026151,47 5.099051,48 2.448107,50 3.425242,57 1.454605,60 1.278568,105 1.296937,150 1.601783,152 2.254838,158 1.88004,181 1.258976,182 2.374554,198 2.254838,203 4.979568,227 2.078519,265 2.491898,267 2.001423,520 3.26016,610 4.181447,653 2.625036,1000 coffee
9 4.568261,10 4.408308,26 5.6008,78 2.827295,115 1.145021,133 1.360355,192 2.585417,357 2.693551,788 3.501588,849 3.982041,1000 coffee
1 1.061562,9 3.620261,10 2.204154,16 2.670381,26 2.8004,78 1.413648,105 1.296937,181 1.99543,345 4.543238,638 2.711793,729 3.220541,1000 coffee
1 1.061562,9 3.620261,10 2.204154,26 2.8004,65 1.22138,78 2.240578,115 1.814816,406 5.505038,849 3.982041,1000 coffee
9 5.303587,25 2.354329,35 0.946821,51 3.161718,60 2.026482,66 2.926776,71 2.421565,107 1.422223,131 1.902676,138 2.391811,159 4.528931,180 3.906115,196 2.021613,219 2.116614,231 1.691153,253 2.721097,362 3.700994,392 7.481227,393 3.740613,429 3.594145,488 3.531088,606 4.042353,613 3.92656,629 4.042353,633 6.756835,725 3.370416,762 4.58887,973 3.26016,1000 coffee
3 2.183552,9 5.303587,52 1.485417,109 1.536058,130 1.998115,150 1.601783,238 2.011445,270 2.014818,278 4.721783,365 5.074336,407 2.866464,793 2.740088,1000 coffee
3 3.198846,9 3.620261,27 1.430905,37 2.577845,39 1.565484,53 2.190951,93 3.009166,102 2.587064,253 2.721097,355 2.810982,479 3.220541,498 3.700994,548 3.663518,589 3.782635,1000 coffee
1 1.061562,9 3.620261,25 2.354329,35 1.500676,39 1.565484,57 1.454605,65 2.44276,105 0.818276,117 3.838089,159 3.589093,179 2.600994,181 2.517953,194 4.70045,269 2.082236,320 3.302182,342 5.750187,345 4.543238,429 3.594145,488 3.531088,548 3.663518,589 3.782635,606 4.042353,613 3.92656,629 4.042353,638 2.711793,733 2.702612,836 4.462494,924 4.58887,942 7.834386,1000 coffee
9 5.303587,12 1.668219,25 2.354329,51 3.989644,60 1.278568,61 3.818982,66 5.853551,70 1.490159,71 2.421565,87 2.391811,131 1.902676,149 2.64154,159 2.264465,172 2.12449,180 3.022183,194 2.965654,204 2.330529,223 1.284437,267 2.001423,309 3.021135,361 3.394739,380 2.810982,429 3.594145,488 3.531088,606 6.406978,613 3.92656,629 4.042353,720 3.82737,908 3.021135,1000 coffee
9 2.284131,24 1.026151,25 1.485417,115 1.145021,138 2.391811,146 3.081447,225 2.363283,253 2.721097,320 3.302182,342 5.750187,362 7.401988,1000 coffee
9 2.284131,25 1.485417,138 2.391811,225 2.363283,253 2.721097,342 3.627964,362 5.865937,1000 coffee
9 2.284131,24 1.503284,25 1.485417,69 1.482273,115 1.814816,138 2.391811,146 7.154898,225 3.745714,253 2.721097,259 1.935058,342 9.378151,362 5.865937,733 4.283538,1000 coffee
2 1.080624,9 3.620261,14 1.616852,25 2.970833,33 1.680634,38 1.9722,39 1.565484,60 1.278568,66 2.926776,68 1.400981,71 2.421565,87 6.182742,91 1.858121,105 1.296937,133 2.156111,138 3.790931,141 4.149645,159 4.528931,172 3.367238,180 2.395023,181 2.923252,188 1.750887,195 1.630311,204 2.330529,207 1.46984,209 2.675777,219 2.116614,225 5.487372,231 1.691153,245 2.089729,253 4.312836,292 2.585417,317 2.519353,342 9.378151,362 10.390004,392 5.928732,393 3.740613,638 2.711793,687 3.183065,715 8.216834,789 3.594145,864 3.92656,1000 coffee
9 4.568261,35 0.946821,51 1.994822,115 1.814816,138 2.391811,159 2.264465,180 2.395023,219 2.116614,253 2.721097,281 1.88004,298 2.325218,362 7.401988,392 7.481227,393 3.740613,524 3.663518,633 6.756835,755 5.304738,934 4.181447,1000 coffee
9 3.620261,35 0.946821,66 5.853551,115 1.145021,138 2.391811,159 3.589093,180 3.022183,253 2.721097,356 2.616929,362 5.865937,392 7.481227,393 3.740613,755 5.304738,854 3.473293,1000 coffee
9 4.568261,35 0.946821,39 1.565484,51 1.994822,138 2.391811,159 2.264465,180 3.022183,194 2.965654,253 2.721097,281 1.88004,362 3.700994,392 3.740613,393 3.740613,633 4.263088,755 3.346917,965 3.302182,1000 coffee
9 4.568261,24 1.026151,60 1.278568,115 2.290042,117 2.421565,138 2.391811,146 6.162894,253 2.721097,342 5.750187,362 3.700994,589 3.782635,616 4.042353,1000 coffee
9 2.284131,58 0.660244,60 1.278568,61 2.40951,66 7.565605,79 1.908452,86 1.439698,180 1.511092,991 3.82737,1000 coffee
9 4.568261,12 2.644065,15 0.586686,24 0.647429,25 3.839746,30 2.553632,35 0.946821,51 3.989644,53 2.190951,60 1.278568,61 3.818982,65 1.22138,66 6.795762,71 6.259654,86 1.439698,87 5.553614,97 2.76779,106 4.330551,107 1.422223,115 1.145021,121 7.35095,131 3.01567,146 6.162894,149 2.64154,159 5.853558,172 4.248981,180 3.508646,204 4.661059,223 1.284437,232 2.148672,253 2.721097,279 2.54794,281 1.88004,361 5.380534,380 4.455302,403 2.721097,550 3.627964,633 4.263088,715 4.108417,908 3.021135,968 3.594145,1000 coffee
1 2.123123,9 6.412365,12 2.644065,15 0.586686,25 2.970833,27 1.430905,30 2.553632,35 1.500676,51 5.984466,60 1.278568,61 2.40951,65 1.935842,66 8.216498,70 1.490159,71 7.264694,73 2.217613,86 2.281867,87 2.391811,92 1.501352,96 1.852748,106 2.165276,107 2.25417,115 1.145021,121 5.687471,122 2.028476,131 3.01567,138 2.391811,149 4.186742,159 5.853558,172 3.367238,180 4.533275,181 1.99543,204 3.693802,207 1.46984,219 3.354753,223 1.284437,253 4.312836,268 2.40356,281 1.88004,356 2.616929,357 2.693551,361 5.380534,373 2.779707,380 2.810982,392 3.740613,393 3.740613,400 3.240068,429 3.594145,488 3.531088,548 3.663518,550 3.627964,574 3.740613,633 6.756835,725 3.370416,749 4.108417,773 3.663518,799 2.821729,880 3.627964,914 3.501588,916 2.570182,965 3.302182,991 3.82737,996 3.370416,1000 coffee
9 4.568261,25 2.354329,35 1.500676,51 5.600173,60 1.278568,61 3.818982,65 1.22138,66 6.795762,70 1.490159,71 4.843129,78 1.413648,87 3.790931,96 2.936535,115 1.814816,121 6.60295,122 2.028476,131 3.01567,149 6.133467,159 2.264465,172 2.12449,180 2.395023,181 1.99543,204 5.411322,219 3.354753,253 2.721097,279 5.916134,298 2.325218,361 3.394739,653 2.625036,951 3.82737,983 2.952451,1000 coffee
9 5.904392,25 2.354329,51 1.994822,58 1.046461,60 2.026482,61 2.40951,65 2.44276,66 4.638829,71 3.838089,73 2.217613,87 2.391811,96 1.852748,107 1.422223,121 5.687471,127 2.30437,130 1.998115,131 1.902676,149 2.64154,159 2.264465,172 2.12449,180 2.395023,208 1.611162,235 1.590692,346 2.44005,365 3.20155,378 2.914286,380 2.810982,481 2.979113,649 2.693551,863 2.866464,902 3.081447,996 3.370416,1000 coffee
9 2.284131,51 1.994822,60 1.278568,61 2.40951,66 4.638829,86 1.439698,87 3.790931,121 2.843736,131 1.902676,204 3.693802,225 2.363283,279 2.54794,481 2.979113,635 4.263088,1000 coffee
9 5.303587,25 1.485417,60 1.278568,61 2.40951,66 4.638829,70 1.490159,71 4.843129,72 1.264681,107 2.25417,131 1.902676,172 2.12449,180 1.511092,200 1.699684,250 2.245343,679 2.577758,744 3.021135,900 3.531088,943 2.855007,1000 coffee
9 2.284131,24 0.647429,25 1.485417,60 1.278568,61 2.40951,66 5.853551,70 1.490159,71 2.421565,86 1.439698,87 2.391811,121 4.507214,146 3.081447,149 2.64154,180 1.511092,204 2.330529,256 2.491898,267 2.001423,481 4.721783,1000 coffee
9 2.284131,15 0.586686,25 2.354329,30 1.611162,35 0.946821,56 2.294176,58 0.660244,60 1.278568,61 2.40951,66 2.926776,71 3.838089,87 3.790931,107 1.422223,115 1.145021,121 7.983375,131 1.902676,149 2.64154,159 2.264465,172 2.12449,178 2.156924,180 3.508646,204 2.330529,548 5.806538,550 3.627964,662 2.789976,744 3.021135,900 3.531088,1000 coffee
1 1.061562,9 4.568261,25 1.485417,35 0.946821,60 1.278568,61 2.40951,71 2.421565,117 2.421565,131 1.902676,138 2.391811,159 2.264465,181 1.99543,194 2.965654,253 2.721097,342 5.750187,345 2.866464,385 2.711793,392 3.740613,393 3.740613,589 3.782635,1000 coffee
9 7.240523,12 3.873485,15 0.586686,25 2.970833,30 1.611162,35 0.946821,47 1.699684,51 7.151362,56 2.294176,58 0.660244,60 2.026482,61 2.40951,63 1.514369,65 1.22138,66 9.722538,68 1.400981,71 8.044264,79 1.908452,86 2.281867,87 9.106474,102 1.632256,103 2.049482,106 2.165276,107 1.422223,115 1.814816,121 7.983375,122 3.215059,131 3.805351,133 2.156111,149 6.133467,159 7.833763,171 4.085649,172 4.248981,178 3.418644,180 2.395023,181 1.258976,194 2.965654,204 7.387604,219 2.116614,223 1.284437,232 2.148672,279 5.095881,342 3.627964,359 2.821729,361 7.88234,373 2.779707,383 2.649942,385 4.298089,481 2.979113,550 5.750187,606 4.042353,621 4.181447,653 2.625036,662 2.789976,679 2.577758,749 4.108417,771 4.462494,792 3.324189,827 3.130395,869 3.302182,911 3.006843,914 3.501588,988 3.740613,1000 coffee
9 3.620261,25 1.485417,60 1.278568,61 2.40951,66 4.638829,71 3.838089,86 1.439698,107 1.422223,115 1.145021,121 2.843736,131 3.01567,172 3.367238,180 1.511092,194 2.965654,279 2.54794,298 2.325218,1000 coffee
9 3.620261,25 1.485417,35 0.946821,51 1.994822,60 1.278568,61 2.40951,66 4.638829,70 1.490159,71 3.838089,78 1.413648,97 1.746281,106 2.165276,115 1.814816,121 5.687471,131 1.902676,172 2.12449,180 2.395023,204 2.330529,279 4.03839,991 3.82737,1000 coffee
3 2.755336,9 6.412365,25 3.44903,27 1.430905,35 0.946821,51 3.161718,56 2.294176,60 2.026482,65 2.44276,69 1.482273,71 5.622699,107 1.422223,149 2.64154,159 2.264465,180 1.511092,181 1.258976,208 1.611162,219 2.116614,365 3.20155,672 3.782635,792 3.324189,793 2.740088,863 2.866464,916 4.073642,974 3.240068,1000 coffee
3 2.183552,9 5.904392,15 0.586686,25 2.970833,27 1.430905,30 1.611162,35 1.500676,51 1.994822,52 2.354329,56 2.294176,57 1.454605,58 1.046461,60 1.278568,63 1.514369,65 2.835957,66 7.565605,69 1.482273,70 1.490159,71 6.259654,81 1.88283,86 3.721565,87 5.553614,106 2.165276,122 2.028476,130 1.998115,131 1.902676,149 5.283081,159 6.357158,162 2.346713,180 1.511092,194 5.931308,204 3.693802,207 2.329641,219 2.116614,225 3.745714,232 2.148672,238 2.011445,243 1.725926,253 2.721097,256 2.491898,270 2.014818,281 1.88004,309 3.021135,346 2.44005,358 7.861716,380 2.810982,385 2.711793,400 6.480136,429 3.594145,479 8.324978,488 3.531088,550 3.627964,640 3.594145,720 3.82737,752 3.097382,863 2.866464,898 3.875192,911 3.006843,931 4.042353,996 3.370416,1000 coffee
3 3.56122,9 3.620261,15 0.586686,24 0.647429,27 2.86181,56 3.636183,58 1.706705,63 2.400218,65 1.22138,68 1.400981,105 0.818276,130 3.166937,162 2.346713,225 2.363283,243 2.735528,270 2.014818,358 5.6008,479 3.220541,530 3.240068,641 3.419947,649 2.693551,1000 coffee
5 1.945293,6 2.593253,9 7.240523,15 0.929876,24 0.647429,25 1.485417,26 4.438529,27 1.430905,35 2.198451,36 2.299254,54 1.463705,58 1.320487,60 1.278568,62 2.152786,63 1.514369,66 2.926776,71 2.421565,73 2.217613,79 1.908452,92 3.002703,101 1.66413,105 1.296937,106 2.165276,113 1.544583,115 1.814816,122 2.028476,128 3.166937,131 3.01567,133 3.516466,162 2.346713,171 2.577758,180 2.395023,188 1.750887,190 2.40356,195 1.630311,204 5.411322,207 3.412862,214 2.173729,219 5.471367,223 2.035784,250 2.245343,315 4.373886,353 2.711793,355 7.891425,357 4.269177,380 2.810982,385 2.711793,400 3.240068,498 10.390004,500 3.82737,502 3.594145,513 8.084706,514 8.084706,642 4.181447,649 2.693551,792 5.268714,804 3.627964,908 4.788386,916 2.570182,970 3.594145,987 2.427672,1000 coffee
1 1.061562,9 5.904392,24 0.647429,39 1.565484,56 4.588353,60 1.278568,61 2.40951,63 2.400218,130 1.998115,140 1.874495,146 3.081447,162 2.346713,171 2.577758,181 2.517953,243 1.725926,278 2.979113,486 5.074336,1000 coffee
0 1.966986,5 0.972647,8 1.348617,9 3.620261,15 1.516562,16 1.684823,19 2.835302,22 2.028476,23 1.622588,29 2.060229,43 1.88563,54 1.463705,58 1.533038,65 1.22138,67 1.969027,72 2.529362,76 2.459041,78 2.240578,91 1.858121,93 1.504583,101 1.66413,102 2.587064,105 1.636552,113 1.544583,115 1.145021,133 2.156111,188 2.775089,193 2.782438,207 1.46984,213 3.27689,219 2.116614,227 3.294375,373 2.779707,445 2.878114,638 2.711793,1000 coffee
1 1.061562,9 3.620261,25 1.485417,54 1.463705,65 1.935842,70 1.490159,71 2.421565,72 1.264681,159 2.264465,180 2.395023,194 2.965654,207 1.46984,629 6.406978,1000 coffee
1 1.061562,9 4.568261,24 0.647429,39 1.565484,51 1.994822,60 1.278568,65 1.935842,66 4.638829,70 1.490159,72 1.264681,87 2.391811,92 1.501352,105 0.818276,107 1.422223,131 1.902676,159 2.264465,180 1.511092,194 2.965654,207 1.46984,223 1.284437,281 1.88004,429 3.594145,488 3.531088,606 4.042353,613 3.92656,755 3.346917,1000 coffee
3 3.867602,6 1.636161,9 6.412365,15 0.586686,25 2.354329,27 1.430905,58 1.706705,63 2.400218,130 1.998115,190 2.40356,214 2.173729,256 2.491898,317 2.519353,318 3.097382,320 3.302182,407 2.866464,412 2.866464,443 3.324189,502 3.594145,568 3.501588,724 3.663518,767 4.042353,872 2.952451,900 3.531088,970 3.594145,1000 coffee
9 4.568261,15 0.586686,24 0.647429,25 1.485417,27 1.430905,58 1.046461,60 1.278568,65 1.935842,66 2.926776,87 2.391811,146 3.081447,180 2.395023,223 1.284437,380 2.810982,385 2.711793,631 4.181447,863 2.866464,1000 coffee
9 3.620261,39 2.481233,51 3.161718,60 1.278568,61 2.40951,69 1.482273,86 1.439698,87 2.391811,122 3.215059,131 3.01567,159 3.589093,180 1.511092,194 2.965654,204 2.330529,281 3.760081,429 3.594145,488 3.531088,629 4.042353,633 4.263088,755 5.304738,820 3.663518,1000 coffee
9 6.412365,25 3.44903,35 2.447497,58 0.660244,60 1.278568,65 1.22138,105 1.636552,115 1.814816,122 2.028476,133 2.156111,146 3.081447,194 8.325643,225 4.726565,231 3.382305,270 2.014818,278 2.979113,320 5.233835,342 5.750187,406 3.473293,657 4.355645,715 4.108417,733 2.702612,789 3.594145,911 3.006843,960 3.663518,1000 coffee
1 1.682535,9 5.904392,24 2.321009,25 4.708659,27 2.86181,30 1.611162,35 1.500676,51 3.161718,56 2.294176,58 1.533038,60 1.278568,61 2.40951,65 1.935842,66 7.565605,69 1.482273,71 3.838089,72 2.004472,78 1.413648,79 1.908452,86 1.439698,87 4.783623,131 5.341486,133 2.156111,138 2.391811,146 9.767955,151 3.589093,158 1.88004,159 8.621624,172 2.12449,180 3.022183,181 1.99543,195 2.583982,204 2.330529,207 2.939679,219 3.354753,223 1.284437,225 5.487372,231 2.680414,235 1.590692,243 2.735528,253 4.312836,254 2.519353,258 2.832645,259 1.935058,282 2.386011,290 2.505489,320 3.302182,342 7.255928,362 7.401988,385 4.298089,392 9.669345,393 3.740613,428 2.878114,616 4.042353,638 2.711793,679 2.577758,731 3.5619,733 4.283538,789 3.594145,797 3.006843,869 3.302182,921 4.263088,935 3.006843,987 2.427672,1000 coffee
1 1.061562,9 6.412365,24 1.026151,25 3.44903,27 1.430905,33 1.680634,35 3.001352,51 3.161718,58 1.320487,60 2.557135,61 2.40951,65 3.428847,66 2.926776,69 2.349347,71 2.421565,72 1.264681,81 1.88283,87 4.783623,93 1.504583,102 1.632256,107 1.422223,113 1.544583,115 1.145021,122 2.028476,128 3.166937,131 3.01567,133 2.156111,146 3.081447,149 2.64154,153 2.471998,159 5.257926,171 4.085649,204 3.693802,225 3.745714,243 2.735528,256 2.491898,267 2.001423,307 4.525078,312 2.616929,334 2.446323,342 3.627964,345 2.866464,380 2.810982,406 9.750765,621 6.627437,736 3.700994,752 4.909234,914 3.501588,1000 coffee
9 3.620261,25 1.485417,51 3.161718,60 1.278568,61 2.40951,66 4.638829,70 1.490159,71 3.838089,86 2.281867,87 2.391811,97 1.746281,121 5.687471,159 2.264465,180 3.508646,194 2.965654,204 4.661059,223 1.284437,279 4.03839,309 3.021135,358 2.8004,429 3.594145,488 3.531088,506 3.183065,606 6.406978,613 3.92656,629 4.042353,720 3.82737,755 3.346917,1000 coffee
9 2.284131,58 1.046461,63 1.514369,113 2.448107,146 7.965425,181 2.517953,244 1.728158,589 3.782635,631 4.181447,1000 coffee
9 6.852392,15 0.929876,24 1.026151,25 1.485417,27 1.430905,51 3.161718,56 4.588353,58 1.706705,60 1.278568,66 4.638829,69 1.482273,86 1.439698,87 2.391811,105 1.296937,259 1.935058,295 4.70045,320 3.302182,383 2.649942,407 5.732928,429 5.696585,430 3.302182,764 3.782635,767 4.042353,825 2.633239,878 3.594145,932 5.505038,1000 coffee
3 2.755336,9 5.303587,24 1.026151,25 1.485417,27 2.86181,56 2.294176,58 1.320487,60 1.278568,63 1.514369,65 1.935842,66 4.638829,71 2.421565,101 1.66413,140 1.874495,146 4.883978,181 1.258976,225 2.363283,243 1.725926,342 3.627964,1000 coffee
3 2.755336,9 4.568261,25 1.485417,28 1.436755,56 3.636183,65 2.44276,173 2.740088,184 1.891266,320 3.302182,453 3.370416,491 5.304738,1000 coffee
9 7.901793,12 1.668219,15 1.362244,25 2.970833,30 3.741003,35 1.500676,51 3.161718,53 2.190951,58 1.046461,60 2.026482,61 2.40951,63 1.514369,65 3.157222,66 4.638829,70 2.361846,71 7.676178,86 3.721565,87 6.714663,106 3.431881,107 2.25417,115 1.145021,121 7.983375,130 1.998115,131 1.902676,133 1.360355,149 2.64154,159 5.853558,172 2.12449,180 2.395023,194 4.70045,204 6.024331,207 2.329641,208 1.611162,225 3.745714,235 1.590692,256 2.491898,355 2.810982,358 4.438529,365 3.20155,380 2.810982,429 3.594145,481 4.721783,488 3.531088,498 3.700994,574 3.740613,660 3.82737,679 2.577758,723 2.693551,792 3.324189,812 3.324189,863 2.866464,902 3.081447,965 3.302182,973 3.26016,1000 coffee
1 1.061562,9 6.412365,15 0.929876,24 2.395772,25 3.44903,27 1.430905,30 2.553632,58 1.533038,60 1.278568,71 2.421565,87 5.553614,93 1.504583,107 1.422223,122 2.028476,131 3.01567,138 2.391811,146 10.236345,159 6.357158,207 1.46984,208 1.611162,253 2.721097,270 2.014818,290 2.505489,295 5.931308,365 3.20155,385 2.711793,407 2.866464,524 3.663518,589 5.995335,616 4.042353,715 4.108417,827 3.130395,1000 coffee
1 1.682535,9 3.620261,35 1.893643,60 1.278568,61 2.40951,66 2.926776,71 2.421565,159 3.589093,180 1.511092,269 2.082236,307 2.855007,377 2.779707,728 4.743541,752 3.097382,1000 coffee
9 4.568261,12 1.668219,35 1.500676,65 1.22138,66 2.926776,70 1.490159,71 2.421565,86 2.281867,107 1.422223,121 2.843736,138 2.391811,149 2.64154,172 2.12449,180 2.395023,207 1.46984,253 2.721097,362 3.700994,392 5.928732,393 3.740613,972 3.82737,1000 coffee
2 3.033696,4 1.861639,9 2.284131,24 1.026151,47 3.399368,48 2.448107,50 2.161087,60 1.278568,97 1.746281,105 1.296937,150 2.538765,152 2.254838,193 1.755523,203 2.144583,267 2.001423,520 3.26016,610 4.181447,1000 coffee
3 1.377668,9 2.284131,27 1.430905,28 1.436755,58 0.660244,59 1.636161,1000 coffee
3 2.183552,9 7.587717,15 0.586686,25 2.970833,27 1.430905,35 0.946821,51 3.161718,58 1.046461,59 2.593253,60 1.278568,63 1.514369,65 2.835957,66 7.565605,71 5.622699,158 1.88004,171 2.577758,207 2.329641,225 3.745714,243 1.725926,270 2.014818,358 2.8004,407 2.866464,616 4.042353,775 2.855007,804 3.627964,973 3.26016,986 4.543238,1000 coffee
1 1.061562,9 3.620261,35 1.500676,105 0.818276,117 2.421565,181 1.258976,345 2.866464,422 3.346917,453 3.370416,589 3.782635,621 4.181447,908 3.021135,920 2.939494,1000 coffee
9 4.568261,10 2.204154,16 1.684823,26 2.8004,78 2.827295,113 1.544583,146 10.236345,181 1.258976,746 5.304738,884 3.982041,1000 coffee
9 5.303587,51 1.994822,58 0.660244,60 1.278568,61 2.40951,66 5.853551,70 1.490159,71 5.622699,107 1.422223,109 1.536058,131 3.01567,149 2.64154,150 1.601783,159 2.264465,180 2.395023,204 2.330529,219 2.116614,447 2.769588,550 3.627964,1000 coffee
6 1.636161,9 8.188522,15 1.173373,24 1.503284,25 2.354329,27 1.430905,30 1.611162,51 3.161718,58 0.660244,60 1.278568,63 2.400218,65 1.22138,66 6.795762,68 1.400981,70 1.490159,71 2.421565,72 1.264681,73 2.217613,78 1.413648,87 5.553614,92 1.501352,105 0.818276,115 1.145021,131 3.805351,146 4.883978,149 2.64154,151 2.264465,171 2.577758,180 1.511092,181 1.258976,184 1.891266,204 2.330529,207 2.329641,219 4.233227,235 2.521187,346 2.44005,380 2.810982,385 4.298089,454 3.324189,479 3.220541,557 3.394739,631 4.181447,709 4.942947,759 3.982041,775 2.855007,863 2.866464,1000 coffee
0 1.24103,1 1.682535,9 6.412365,15 1.173373,25 2.354329,27 1.430905,79 1.908452,93 1.504583,113 1.544583,144 2.505489,148 4.983796,151 2.264465,244 1.728158,317 3.99308,373 2.779707,530 3.240068,597 6.142034,825 2.633239,1000 coffee
5 0.972647,9 2.284131,25 2.354329,39 1.565484,54 2.319918,115 1.145021,173 4.342937,353 2.711793,950 3.700994,1000 coffee
3 2.183552,9 3.620261,36 2.299254,37 2.577845,53 2.190951,58 1.046461,90 1.721483,93 2.384708,102 1.632256,185 1.767252,269 2.082236,589 3.782635,1000 coffee
3 3.198846,9 5.303587,24 0.647429,27 1.430905,58 1.046461,63 1.514369,101 1.66413,105 0.818276,130 1.998115,223 1.284437,270 3.193411,278 4.721783,916 2.570182,991 3.82737,1000 coffee