30
8 1.348617,15 1.647037,28 1.436755,53 2.190951,58 1.046461,64 2.8004,69 2.349347,93 3.009166,113 1.544583,276 4.909234,277 3.370416,347 3.782635,416 3.782635,1000 jobs
8 1.348617,15 1.173373,53 3.472575,64 4.438529,69 2.964546,93 2.384708,102 1.632256,113 1.544583,372 2.667058,416 5.995335,761 3.782635,775 2.855007,1000 jobs
8 1.348617,15 1.173373,53 2.190951,58 0.660244,64 4.438529,69 2.349347,102 1.632256,113 1.544583,372 2.667058,416 5.995335,761 3.782635,775 2.855007,1000 jobs
8 2.137508,15 1.173373,53 2.190951,58 0.660244,64 4.438529,69 2.964546,93 2.384708,102 1.632256,113 1.544583,124 4.373886,132 3.928437,333 3.147511,1000 jobs
8 1.348617,15 1.173373,53 2.190951,64 2.8004,69 3.441731,93 2.384708,102 1.632256,124 2.759615,132 2.478568,276 3.097382,347 3.782635,1000 jobs
8 1.348617,15 0.929876,28 1.436755,53 2.190951,64 2.8004,93 3.493534,124 2.759615,132 2.478568,276 3.097382,347 3.782635,1000 jobs
58 0.660244,64 2.8004,69 2.964546,93 2.384708,277 3.370416,943 2.855007,1000 jobs
5 1.541608,16 1.684823,24 1.294858,33 1.680634,58 0.660244,68 1.400981,109 1.536058,118 4.887575,174 1.950293,200 2.693935,282 2.386011,364 6.295022,416 3.782635,855 3.875192,1000 jobs
1 2.46487,2 1.080624,5 0.972647,8 3.486125,15 2.29212,16 2.670381,20 1.519314,23 3.245176,27 2.267931,28 3.713957,32 2.945052,35 1.500676,36 2.299254,37 1.626439,38 1.9722,53 2.190951,59 2.593253,62 2.152786,63 3.516256,64 2.8004,68 1.400981,69 5.313893,83 5.451235,90 2.728486,91 3.716242,93 5.393874,102 2.587064,105 1.636552,106 2.165276,113 1.544583,120 3.818982,140 2.971004,154 1.852748,161 2.008088,181 2.517953,186 3.660508,187 4.500149,189 6.108997,193 3.511046,195 3.260623,216 2.505489,221 5.904901,231 3.382305,232 3.405565,244 3.456317,248 6.00427,250 2.245343,267 2.001423,292 2.585417,300 2.821729,333 11.647174,337 5.833581,353 2.711793,372 2.667058,416 3.782635,468 3.473293,786 3.663518,811 3.370416,852 5.420488,865 3.130395,1000 jobs
15 1.173373,39 1.565484,58 0.660244,64 2.8004,113 1.544583,347 3.782635,1000 jobs
5 1.945293,15 0.586686,23 1.622588,35 1.500676,54 2.927411,58 1.533038,64 4.438529,69 1.482273,91 2.945052,92 3.002703,106 2.165276,115 1.814816,140 1.874495,158 1.88004,168 5.814439,172 2.12449,181 1.258976,185 1.767252,188 2.775089,193 1.755523,213 2.067487,218 2.957951,222 1.750887,231 1.691153,235 1.590692,247 2.274228,282 2.386011,292 2.585417,296 6.551852,312 2.616929,333 3.147511,347 5.995335,405 2.832645,412 2.866464,500 3.82737,675 3.324189,723 2.693551,805 3.594145,815 3.021135,857 3.663518,911 3.006843,943 2.855007,987 2.427672,1000 jobs
8 1.348617,15 1.173373,23 3.767533,35 0.946821,54 2.319918,58 1.320487,64 2.8004,92 1.501352,113 1.544583,174 1.950293,188 1.750887,200 1.699684,222 1.750887,223 1.284437,394 4.883978,729 3.220541,730 3.20155,788 3.501588,987 2.427672,1000 jobs
15 1.173373,24 1.503284,28 1.436755,58 0.660244,64 4.438529,68 1.400981,69 1.482273,93 2.384708,102 1.632256,124 2.759615,132 2.478568,259 1.935058,276 3.097382,277 3.370416,296 2.821729,1000 jobs
5 1.541608,14 1.616852,15 0.929876,24 1.026151,64 6.502327,92 1.501352,162 2.346713,174 1.950293,188 2.775089,200 1.699684,223 1.284437,247 2.274228,276 3.097382,292 2.585417,347 3.782635,416 3.782635,723 2.693551,775 2.855007,1000 jobs
15 1.516562,24 2.052302,28 2.277202,53 2.190951,58 0.660244,64 5.6008,68 2.801961,69 4.161266,83 2.108825,90 3.442965,93 2.384708,102 1.632256,113 3.089167,124 4.373886,132 3.928437,183 2.952451,185 1.767252,193 1.755523,235 1.590692,269 2.082236,276 4.909234,277 6.740831,292 2.585417,296 5.643458,333 3.147511,377 2.779707,416 5.995335,789 3.594145,802 3.324189,973 3.26016,974 3.240068,1000 jobs
8 2.137508,15 1.94893,24 1.942287,28 2.277202,52 2.354329,53 2.190951,58 1.533038,64 8.877058,69 4.698694,93 4.223899,102 4.219319,124 2.759615,132 2.478568,147 2.060229,235 1.590692,259 4.493065,277 3.370416,333 7.308294,384 2.740088,445 2.878114,827 3.130395,846 3.346917,1000 jobs
8 2.137508,15 1.760059,20 1.519314,24 1.817563,28 1.436755,52 1.485417,53 2.190951,58 1.706705,64 8.4012,93 3.889291,102 1.632256,124 2.759615,132 2.478568,147 2.060229,214 2.173729,235 1.590692,259 5.002052,277 3.370416,333 3.147511,412 2.866464,846 3.346917,1000 jobs
2 2.161249,8 2.697235,14 1.616852,15 1.173373,52 2.970833,53 2.190951,58 1.046461,59 1.636161,64 6.502327,92 2.379586,93 2.384708,115 1.145021,140 1.874495,147 2.060229,184 1.891266,185 1.767252,188 1.750887,189 4.726565,213 2.067487,223 1.284437,235 1.590692,247 2.274228,259 3.066994,292 4.097789,296 2.821729,299 2.616929,473 3.370416,474 3.370416,484 3.5619,493 3.280853,512 3.302182,586 3.982041,651 3.782635,840 3.147511,846 3.346917,867 2.939494,1000 jobs
1 1.682535,15 1.516562,23 2.571741,25 1.485417,54 1.463705,58 1.046461,64 5.6008,102 1.632256,133 1.360355,140 3.74899,143 2.018207,185 1.767252,207 1.46984,213 3.27689,223 1.284437,254 2.519353,276 3.097382,333 3.147511,335 2.386011,1000 jobs
8 1.348617,15 1.362244,53 2.190951,58 0.660244,59 2.593253,64 2.8004,186 2.309523,248 4.647161,276 3.097382,296 2.821729,347 3.782635,1000 jobs
8 1.348617,15 1.173373,59 1.636161,64 2.8004,69 2.964546,93 2.384708,102 2.587064,113 1.544583,276 3.097382,296 2.821729,347 3.782635,1000 jobs
15 1.173373,64 2.8004,69 1.482273,102 1.632256,113 1.544583,276 3.097382,296 2.821729,1000 jobs
15 0.929876,24 1.026151,28 1.436755,69 1.482273,93 1.504583,276 4.909234,296 2.821729,347 5.995335,1000 jobs
15 1.647037,39 1.565484,53 2.190951,58 0.660244,60 1.278568,64 5.6008,69 2.964546,93 1.504583,185 3.534503,186 2.309523,208 1.611162,276 6.194764,296 2.821729,337 3.982038,347 5.995335,416 7.56527,930 3.220541,1000 jobs
1 1.061562,15 0.929876,64 4.438529,68 1.400981,69 1.482273,90 1.721483,93 2.384708,102 1.632256,113 1.544583,124 2.759615,132 2.478568,235 1.590692,296 2.821729,333 3.147511,761 3.782635,801 3.346917,1000 jobs
15 1.516562,24 1.294858,59 2.593253,64 5.6008,69 3.441731,92 1.501352,93 3.493534,102 3.264511,124 4.373886,132 3.928437,186 2.309523,243 4.007476,244 1.728158,276 3.097382,277 3.370416,333 4.988687,416 3.782635,842 3.081447,849 3.982041,1000 jobs
59 1.636161,64 2.8004,102 1.632256,124 2.759615,132 2.478568,181 2.923252,271 2.600994,1000 jobs
59 1.636161,64 2.8004,102 1.632256,124 2.759615,132 2.478568,181 2.923252,271 2.600994,1000 jobs
28 1.436755,59 1.636161,64 2.8004,124 2.759615,132 2.478568,181 2.923252,271 2.600994,1000 jobs
0 1.24103,8 2.697235,15 1.362244,23 1.622588,24 1.817563,28 2.277202,54 1.463705,59 4.593284,64 5.6008,68 2.220502,69 4.161266,102 4.582321,165 2.299254,166 2.667058,181 1.99543,186 2.309523,188 1.750887,214 2.173729,244 1.728158,250 2.245343,328 3.16506,333 6.295022,347 3.782635,382 3.130395,1000 jobs