123
419 2.8004,439 3.419947,597 3.875192,1000 ship
3 2.183552,15 0.586686,24 1.817563,27 1.430905,28 2.277202,37 1.626439,58 1.320487,83 3.342409,102 1.632256,113 1.544583,148 3.949565,355 2.810982,498 3.700994,1000 ship
0 1.24103,4 1.174563,15 0.929876,27 1.430905,131 1.902676,159 3.589093,178 2.156924,181 1.258976,196 3.204182,209 5.351554,222 1.750887,270 2.014818,459 5.645478,524 3.663518,566 3.700994,590 3.875192,819 4.108417,837 3.16506,1000 ship
95 2.633239,115 1.145021,170 2.939494,283 3.183065,363 2.391811,1000 ship
95 2.633239,115 1.145021,170 2.939494,283 3.183065,363 2.391811,1000 ship
95 2.633239,115 1.145021,170 2.939494,283 3.183065,363 2.391811,1000 ship
258 2.832645,355 2.810982,597 3.875192,1000 ship
7 3.805351,17 4.098965,95 4.173585,148 2.491898,185 1.767252,233 4.580482,367 3.097382,439 3.419947,508 3.446107,718 8.71129,1000 ship
148 5.786008,292 4.097789,340 3.097382,1000 ship
68 1.400981,89 2.368895,105 0.818276,170 4.658988,181 1.258976,292 2.585417,304 2.667058,367 3.097382,623 6.066238,1000 ship
68 1.400981,89 2.368895,105 0.818276,170 4.658988,181 1.258976,292 2.585417,304 2.667058,367 3.097382,623 6.066238,1000 ship
1 1.061562,58 0.660244,89 2.368895,90 1.721483,109 1.536058,115 1.145021,131 1.902676,196 4.043227,208 1.611162,249 2.779707,292 6.003152,303 2.028476,310 3.857534,340 3.097382,400 3.240068,497 3.280853,716 3.419947,814 3.06587,1000 ship
4 1.861639,12 1.668219,14 1.616852,15 0.586686,24 1.503284,34 3.900585,58 0.660244,60 1.278568,86 2.879396,89 2.368895,96 2.936535,98 2.421565,182 2.374554,193 4.076198,198 2.254838,218 1.86626,268 2.40356,280 2.190951,395 4.03839,679 2.577758,752 3.097382,797 3.006843,816 3.130395,1000 ship
79 1.908452,95 2.633239,107 1.422223,115 1.145021,148 5.786008,209 2.675777,249 2.779707,270 2.014818,292 4.097789,298 2.325218,304 2.667058,1000 ship
17 2.049482,35 0.946821,60 1.278568,78 3.96861,155 2.711793,195 2.583982,218 1.86626,219 4.233227,270 2.014818,463 3.419947,497 3.280853,741 4.181447,977 3.627964,1000 ship
60 1.278568,78 3.282388,155 2.711793,181 1.99543,198 2.254838,219 4.233227,270 3.193411,463 3.419947,497 3.280853,614 3.531088,741 4.181447,977 3.627964,1000 ship
39 1.565484,60 1.278568,79 1.908452,89 2.368895,148 2.491898,170 2.939494,228 4.298089,243 1.725926,377 2.779707,540 3.782635,649 2.693551,1000 ship
24 0.647429,47 1.699684,60 1.278568,81 1.88283,89 2.368895,115 1.814816,181 1.99543,228 4.298089,292 2.585417,359 2.821729,540 3.782635,1000 ship
15 0.586686,27 1.430905,37 1.626439,68 1.400981,69 1.482273,92 1.501352,95 4.173585,109 1.536058,144 2.505489,148 2.491898,170 2.939494,180 1.511092,196 4.043227,208 1.611162,209 5.351554,253 2.721097,292 2.585417,296 2.821729,340 3.097382,367 6.194764,446 3.782635,459 8.270475,476 3.531088,524 3.663518,590 3.875192,904 4.355645,987 2.427672,1000 ship
15 0.586686,27 1.430905,37 1.626439,68 1.400981,69 1.482273,92 1.501352,95 4.173585,109 1.536058,144 2.505489,148 2.491898,170 2.939494,180 1.511092,196 4.043227,208 1.611162,209 5.351554,253 2.721097,292 2.585417,296 2.821729,340 3.097382,367 6.194764,446 3.782635,459 8.270475,476 3.531088,524 3.663518,590 3.875192,904 4.355645,965 3.302182,987 2.427672,1000 ship
15 0.586686,69 1.482273,95 2.633239,159 2.264465,196 2.021613,209 4.241006,222 2.775089,270 2.014818,459 5.645478,524 3.663518,590 3.875192,1000 ship
4 1.174563,15 0.586686,68 1.400981,69 1.482273,95 2.633239,107 1.422223,209 4.241006,222 1.750887,253 2.721097,459 9.207378,965 3.302182,1000 ship
0 1.24103,1 1.682535,4 1.174563,15 1.173373,27 1.430905,54 1.463705,57 1.454605,65 1.935842,68 1.400981,69 1.482273,72 1.264681,81 2.984214,84 2.152786,95 4.173585,109 2.434594,115 2.658657,133 1.360355,144 2.505489,159 3.589093,181 1.258976,193 1.755523,196 3.204182,209 6.916783,227 2.078519,232 2.148672,253 5.442193,292 2.585417,296 4.472335,373 2.779707,446 10.6192,459 9.999517,566 3.700994,863 2.866464,934 4.181447,1000 ship
0 1.24103,2 2.161249,4 1.174563,15 0.586686,42 2.12449,47 1.699684,181 1.258976,209 4.241006,253 2.721097,292 6.003152,296 2.821729,385 2.711793,452 3.446107,459 3.5619,566 3.700994,939 3.446107,1000 ship
0 1.24103,2 1.080624,15 0.929876,29 2.060229,47 1.699684,59 1.636161,68 1.400981,69 1.482273,90 1.721483,91 2.945052,97 1.746281,115 1.814816,141 3.288515,159 4.528931,196 2.021613,209 8.02733,222 1.750887,235 1.590692,270 3.193411,276 3.097382,292 4.097789,296 6.551852,303 2.028476,411 2.749783,459 5.645478,524 5.806538,745 3.875192,987 3.847769,998 4.743541,1000 ship
5 0.972647,9 3.620261,15 0.586686,27 2.267931,54 1.463705,57 1.454605,69 1.482273,72 1.264681,89 2.368895,95 5.266478,105 0.818276,115 1.145021,131 1.902676,159 3.589093,209 5.351554,222 2.775089,225 2.363283,227 2.078519,270 2.014818,459 8.270475,524 3.663518,590 3.875192,1000 ship
60 1.278568,93 1.504583,131 1.902676,196 4.043227,209 4.241006,292 2.585417,304 2.667058,974 3.240068,1000 ship
4 1.174563,60 1.278568,115 1.145021,148 4.983796,170 2.939494,244 1.728158,267 3.172181,355 2.810982,377 2.779707,430 3.302182,439 7.940872,534 3.501588,597 3.875192,926 3.982041,1000 ship
2 1.080624,3 2.183552,4 1.174563,24 1.503284,58 0.660244,70 1.490159,73 2.217613,95 2.633239,107 1.422223,148 3.949565,166 2.667058,188 1.750887,207 1.46984,280 2.190951,290 3.971107,339 4.772022,1000 ship
0 1.966986,3 3.56122,22 2.028476,24 1.503284,27 1.430905,37 1.626439,58 0.660244,95 2.633239,148 5.786008,159 2.264465,249 5.559415,283 3.183065,290 3.971107,339 3.781738,363 2.391811,366 3.240068,432 3.26016,623 3.82737,797 3.006843,1000 ship
17 2.049482,58 1.046461,93 1.504583,107 2.844445,148 4.983796,180 1.511092,181 1.99543,196 4.043227,249 4.405732,292 2.585417,304 2.667058,340 3.097382,356 2.616929,359 2.821729,366 3.240068,412 2.866464,534 3.501588,624 8.216834,696 6.627437,867 2.939494,1000 ship
2 1.080624,4 1.174563,5 2.730564,12 1.668219,47 3.946544,52 4.934447,58 0.660244,67 1.969027,68 1.400981,85 2.284131,86 2.281867,89 2.368895,112 1.806175,115 1.145021,147 5.325615,207 2.329641,285 1.944158,352 4.160584,399 3.324189,723 5.387102,852 3.419947,1000 ship
58 0.660244,93 1.504583,115 1.145021,116 2.173729,148 3.949565,196 3.204182,249 2.779707,272 3.141086,276 3.097382,304 4.227187,340 3.097382,412 2.866464,534 3.501588,624 8.216834,716 3.419947,814 3.06587,867 2.939494,877 4.042353,943 2.855007,983 2.952451,1000 ship
14 1.616852,58 1.046461,93 1.504583,148 3.949565,181 1.99543,196 2.021613,209 2.675777,249 4.405732,276 3.097382,296 2.821729,340 3.097382,383 2.649942,412 2.866464,428 2.878114,530 3.240068,534 3.501588,624 8.216834,653 2.625036,696 6.627437,700 3.740613,748 4.042353,867 2.939494,1000 ship
58 0.660244,93 1.504583,115 1.814816,148 3.949565,180 3.022183,181 1.258976,196 2.021613,209 2.675777,223 2.035784,249 4.405732,292 2.585417,296 2.821729,340 3.097382,412 2.866464,428 2.878114,534 3.501588,624 12.325251,696 4.181447,748 4.042353,1000 ship
58 0.660244,115 1.145021,148 2.491898,196 4.694041,209 2.675777,249 4.405732,272 3.141086,276 3.097382,304 2.667058,412 2.866464,534 3.501588,624 6.511687,635 4.263088,877 4.042353,943 2.855007,1000 ship
1 1.061562,3 2.183552,4 1.174563,5 1.541608,15 1.173373,24 1.294858,33 1.680634,35 0.946821,36 3.644232,52 4.170091,58 1.046461,60 2.026482,65 1.22138,70 1.490159,89 3.75461,95 5.266478,112 5.070575,114 2.042409,130 1.998115,147 4.120458,168 4.80905,207 3.412862,208 1.611162,222 2.775089,235 5.042375,244 1.728158,245 2.089729,258 2.832645,270 2.014818,276 3.097382,285 1.944158,290 7.033798,292 2.585417,296 2.821729,310 2.433833,323 2.585417,412 2.866464,586 7.964082,590 3.875192,652 3.26016,662 2.789976,793 4.342937,797 3.006843,972 3.82737,1000 ship
0 1.24103,1 1.061562,4 1.861639,5 1.945293,14 1.616852,15 2.170998,20 1.519314,25 1.485417,30 1.611162,33 1.680634,35 0.946821,43 1.88563,48 3.089167,50 2.161087,52 4.170091,58 1.320487,60 1.278568,62 2.152786,65 1.22138,68 1.400981,70 2.361846,72 1.264681,83 3.342409,84 2.152786,89 2.368895,91 1.858121,95 2.633239,101 2.637584,102 1.632256,112 2.86272,137 2.112709,147 4.783704,154 4.301947,161 3.182745,165 2.299254,168 2.071145,188 1.750887,195 2.583982,207 2.939679,218 1.86626,222 1.750887,245 2.089729,259 1.935058,270 2.014818,275 3.857534,276 3.097382,285 3.081418,290 2.505489,332 4.507214,339 2.386011,412 2.866464,523 3.501588,586 7.964082,676 3.501588,744 3.021135,825 2.633239,854 3.473293,920 2.939494,992 3.5619,1000 ship
13 1.539455,15 0.586686,27 1.430905,89 4.73779,170 2.939494,200 1.699684,223 1.284437,497 3.280853,623 6.066238,732 3.394739,908 3.021135,1000 ship
60 1.278568,73 2.217613,89 2.368895,92 1.501352,95 4.173585,170 4.658988,214 2.173729,219 2.116614,223 1.284437,258 7.322281,269 2.082236,272 1.981805,289 3.897488,445 2.878114,597 7.750384,734 3.050635,758 4.462494,827 3.130395,926 3.982041,951 3.82737,1000 ship
4 1.174563,12 2.644065,24 1.503284,34 1.950293,35 1.500676,78 1.413648,79 1.908452,89 2.368895,96 4.789283,97 1.746281,102 3.264511,141 2.074822,219 4.233227,222 2.775089,249 4.405732,258 4.489636,270 2.014818,302 2.939494,439 3.419947,563 5.865937,590 3.875192,597 3.875192,615 3.663518,1000 ship
89 2.368895,92 1.501352,93 1.504583,177 3.710835,207 2.939679,214 4.347457,228 4.298089,269 2.082236,313 3.324189,339 2.386011,355 2.810982,412 2.866464,597 6.142034,797 3.006843,846 6.693834,947 4.743541,1000 ship
6 1.636161,25 1.485417,59 1.636161,72 1.264681,133 1.360355,190 2.40356,198 2.254838,225 2.363283,245 2.089729,254 2.519353,284 3.050635,357 4.269177,497 7.617904,788 3.501588,923 4.108417,1000 ship
39 3.130968,298 4.650436,355 2.810982,377 2.779707,437 2.675777,578 3.663518,967 4.355645,1000 ship
13 1.539455,15 2.029602,65 1.22138,77 3.52929,78 1.413648,103 2.049482,158 1.88004,181 2.517953,279 2.54794,280 6.150776,298 2.325218,317 2.519353,384 7.083025,497 3.280853,1000 ship
13 1.539455,15 2.029602,77 3.52929,78 1.413648,81 1.88283,95 2.633239,103 2.049482,115 1.145021,181 2.923252,279 2.54794,280 2.190951,384 6.362288,439 3.419947,497 3.280853,1000 ship
4 1.861639,24 0.647429,235 1.590692,255 2.562689,264 2.380259,267 2.001423,269 3.300265,339 2.386011,439 6.839894,586 3.982041,623 6.066238,1000 ship
0 1.24103,77 2.226734,89 2.368895,95 4.173585,170 4.658988,177 2.341276,244 1.728158,367 3.097382,377 4.405732,615 3.663518,846 5.304738,1000 ship
3 4.133003,7 3.01567,135 2.161087,170 2.939494,307 2.855007,464 3.419947,1000 ship
3 2.755336,7 1.902676,79 1.908452,135 2.161087,143 2.018207,170 4.658988,464 3.419947,1000 ship
3 1.377668,79 1.908452,135 2.161087,143 2.018207,170 2.939494,464 3.419947,1000 ship
15 0.586686,24 0.647429,52 1.485417,60 2.026482,148 2.491898,274 2.250074,327 2.979113,586 3.982041,623 6.066238,1000 ship
77 3.52929,89 3.75461,110 5.140364,137 2.112709,177 2.341276,244 1.728158,396 3.324189,432 3.26016,469 3.501588,483 3.501588,523 10.504765,603 5.696585,609 5.995335,1000 ship
0 1.24103,22 2.028476,77 2.226734,89 2.368895,104 4.241006,112 1.806175,115 1.145021,249 2.779707,258 2.832645,283 3.183065,399 5.268714,523 3.501588,1000 ship
77 3.52929,89 2.368895,110 4.073642,111 2.485201,148 2.491898,396 5.268714,483 5.549886,523 3.501588,560 3.700994,603 5.696585,609 5.995335,1000 ship
48 1.544583,58 0.660244,59 1.636161,69 1.482273,77 5.170316,89 2.368895,92 1.501352,104 2.675777,110 5.140364,111 2.485201,115 1.145021,164 2.082236,180 1.511092,181 1.258976,237 2.8004,244 1.728158,247 2.274228,254 2.519353,469 8.130436,523 9.051474,560 3.700994,1000 ship
0 1.24103,59 1.636161,70 1.490159,72 1.264681,77 5.756024,86 1.439698,89 4.73779,95 4.173585,104 6.212961,110 6.643825,202 2.593162,205 1.88283,207 1.46984,223 1.284437,228 2.711793,237 2.8004,239 2.855007,332 2.843736,469 7.003176,476 3.531088,523 8.130436,540 3.782635,560 3.700994,565 3.446107,607 7.1238,608 3.5619,615 5.806538,653 2.625036,845 3.82737,880 3.627964,930 3.220541,1000 ship
57 2.305494,77 4.453468,79 1.908452,104 5.351554,109 1.536058,110 4.073642,113 1.544583,116 2.173729,137 3.348564,207 1.46984,219 2.116614,237 2.8004,244 1.728158,254 2.519353,260 4.743538,283 5.045038,360 5.304738,371 3.220541,432 3.26016,457 3.081447,476 3.531088,523 5.549886,540 3.782635,560 3.700994,571 5.928732,603 7.18829,609 5.995335,653 2.625036,678 2.889963,751 4.108417,1000 ship
3 1.377668,89 2.368895,104 4.241006,169 2.346713,244 1.728158,399 6.648377,492 3.473293,1000 ship
0 2.482059,58 0.660244,77 4.453468,89 2.368895,93 1.504583,104 6.212961,110 5.140364,115 1.814816,219 2.116614,237 4.438529,239 5.710013,244 2.739066,254 2.519353,359 2.821729,371 3.220541,385 2.711793,399 5.268714,424 3.06587,432 3.26016,452 3.446107,495 7.1238,841 3.594145,965 5.233835,1000 ship
0 1.24103,25 1.485417,58 0.660244,77 4.453468,89 4.73779,95 2.633239,104 5.351554,110 2.570182,115 1.145021,223 1.284437,237 2.8004,239 2.855007,244 1.728158,254 2.519353,258 4.489636,266 2.446323,332 2.843736,355 2.810982,371 5.104437,396 5.268714,399 3.324189,495 5.645478,1000 ship
0 1.966986,77 3.52929,104 4.241006,110 2.570182,115 1.145021,170 2.939494,237 4.438529,254 2.519353,332 2.843736,495 3.5619,837 3.16506,1000 ship
24 1.294858,28 1.436755,36 4.598509,52 1.485417,58 1.046461,69 1.482273,72 1.264681,93 1.504583,95 6.114192,112 1.806175,113 1.544583,170 4.658988,225 2.363283,258 2.832645,270 4.029636,327 6.917287,586 3.982041,1000 ship
35 0.946821,52 3.44903,219 2.116614,235 1.590692,244 1.728158,245 2.089729,293 2.264465,399 5.268714,1000 ship
1 1.061562,3 1.377668,24 1.67358,36 3.644232,52 1.485417,57 1.454605,58 1.853538,63 1.514369,95 2.633239,112 1.806175,147 2.060229,235 2.521187,270 2.014818,290 3.971107,327 2.979113,412 4.543238,475 3.006843,586 3.982041,804 3.627964,867 2.939494,1000 ship
1 1.061562,3 2.183552,5 1.541608,15 0.586686,24 0.647429,36 3.644232,52 2.354329,58 0.660244,63 1.514369,95 2.633239,130 1.998115,147 3.265386,181 1.99543,235 3.693473,245 2.089729,270 2.014818,290 5.010979,412 2.866464,506 3.183065,793 2.740088,927 3.501588,972 3.82737,1000 ship
0 1.24103,1 1.061562,4 1.174563,9 2.284131,12 1.668219,15 0.929876,24 0.647429,27 1.430905,37 1.626439,89 4.73779,95 2.633239,107 2.25417,170 2.939494,193 1.755523,269 2.082236,285 1.944158,367 4.909234,373 2.779707,734 3.050635,1000 ship
0 2.881582,60 1.278568,70 2.361846,77 5.170316,89 2.368895,95 2.633239,109 3.072115,110 5.140364,150 3.203565,158 1.88004,164 2.082236,177 3.710835,196 2.021613,200 1.699684,237 2.8004,240 5.621965,260 4.743538,281 2.979793,283 7.390847,314 3.386234,317 2.519353,339 3.781738,360 3.346917,469 3.501588,523 5.549886,560 3.700994,571 3.740613,678 2.889963,979 3.446107,1000 ship
0 1.24103,72 1.264681,77 4.453468,95 5.266478,104 4.241006,110 2.570182,158 1.88004,177 4.682552,196 2.021613,200 1.699684,237 2.8004,240 7.891425,254 3.99308,260 4.743538,283 3.183065,371 5.104437,396 3.324189,399 3.324189,410 5.104437,464 5.420488,483 5.549886,571 3.740613,678 2.889963,1000 ship
89 2.368895,269 2.082236,366 6.480136,439 5.420488,530 3.240068,1000 ship
3 1.377668,89 2.368895,1000 ship
3 1.377668,7 1.902676,17 5.753625,35 1.500676,37 1.626439,49 2.284131,52 2.354329,77 5.170316,105 3.41215,114 2.042409,118 2.104964,170 2.939494,177 4.682552,211 3.006843,228 4.298089,233 2.889963,244 2.739066,258 2.832645,339 2.386011,355 2.810982,358 2.8004,363 2.391811,370 5.167232,410 3.220541,437 2.675777,447 2.769588,497 3.280853,509 3.473293,677 6.142034,798 2.625036,1000 ship
7 1.902676,17 2.049482,52 1.485417,77 2.226734,105 0.818276,177 2.341276,228 2.711793,244 2.739066,912 3.220541,1000 ship
148 2.491898,1000 ship
0 2.881582,1 2.744097,15 1.173373,22 3.215059,24 1.026151,27 1.430905,37 2.577845,95 2.633239,101 1.66413,181 1.258976,185 1.767252,208 1.611162,222 1.750887,228 2.711793,249 2.779707,283 6.366129,317 5.038706,323 2.585417,370 3.26016,590 3.875192,888 3.302182,1000 ship
115 1.145021,244 1.728158,307 2.855007,377 2.779707,1000 ship
0 1.24103,72 1.264681,77 4.453468,89 2.368895,104 4.241006,110 5.140364,115 1.145021,177 2.341276,196 2.021613,223 1.284437,240 2.810982,260 5.985679,283 3.183065,317 2.519353,360 3.346917,396 3.324189,483 3.501588,523 9.051474,560 3.700994,565 3.446107,571 3.740613,603 9.29073,609 5.995335,615 5.806538,716 3.419947,1000 ship
15 0.929876,68 1.400981,196 4.694041,205 1.88283,209 2.675777,223 1.284437,292 4.097789,298 2.325218,304 2.667058,367 3.097382,1000 ship
148 2.491898,196 2.021613,205 1.88283,209 4.241006,292 5.170834,298 2.325218,335 2.386011,367 3.097382,1000 ship
24 1.026151,58 0.660244,61 2.40951,92 2.379586,93 1.504583,107 1.422223,131 3.01567,143 2.018207,148 2.491898,196 3.204182,232 2.148672,249 4.405732,276 3.097382,296 2.821729,304 4.227187,340 3.097382,359 4.472335,517 3.20155,534 3.501588,624 8.216834,662 2.789976,744 4.788386,814 6.13174,867 2.939494,869 3.302182,916 2.570182,931 4.042353,943 2.855007,1000 ship
3 1.377668,13 1.539455,24 0.647429,79 1.908452,89 2.368895,107 1.422223,131 3.01567,181 1.258976,196 4.043227,205 2.984214,223 1.284437,235 1.590692,270 2.014818,292 6.003152,298 2.325218,304 2.667058,367 4.909234,597 3.875192,603 3.594145,1000 ship
19 1.788877,24 1.503284,58 1.533038,68 2.220502,81 1.88283,93 1.504583,105 1.296937,208 1.611162,214 2.173729,223 1.284437,540 3.782635,857 5.806538,1000 ship
3 3.867602,15 0.586686,28 1.436755,113 1.544583,148 2.491898,154 1.852748,181 2.517953,185 1.767252,227 3.294375,325 4.765733,508 5.46195,534 3.501588,691 7.273187,1000 ship
15 0.929876,17 4.098965,107 2.25417,115 1.814816,131 1.902676,148 2.491898,196 3.204182,222 1.750887,249 2.779707,296 4.472335,412 2.866464,508 3.446107,534 7.003176,624 4.108417,914 3.501588,1000 ship
24 1.67358,58 1.320487,61 2.40951,92 1.501352,93 1.504583,148 5.786008,181 1.258976,185 3.534503,196 2.021613,214 2.173729,249 4.405732,276 3.097382,296 2.821729,304 2.667058,340 3.097382,412 2.866464,517 5.074336,534 3.501588,624 4.108417,867 2.939494,943 2.855007,1000 ship
24 0.647429,58 0.660244,61 2.40951,79 1.908452,92 1.501352,93 1.504583,115 1.145021,131 3.805351,148 2.491898,158 1.88004,196 4.043227,249 2.779707,276 3.097382,296 2.821729,304 4.227187,340 3.097382,412 2.866464,517 3.20155,534 3.501588,624 4.108417,867 2.939494,893 4.58887,943 2.855007,1000 ship
0 1.24103,89 2.368895,110 2.570182,148 2.491898,150 1.601783,228 4.298089,239 2.855007,244 1.728158,273 4.327784,439 3.419947,472 3.050635,565 6.892214,1000 ship
15 0.929876,24 0.647429,68 1.400981,69 1.482273,79 1.908452,95 2.633239,105 0.818276,107 1.422223,115 1.145021,148 4.983796,196 2.021613,209 4.241006,244 1.728158,253 2.721097,268 2.40356,459 7.1238,590 3.875192,799 2.821729,987 2.427672,1000 ship
16 1.684823,34 3.091141,41 2.259635,60 1.278568,79 1.908452,169 2.346713,170 2.939494,200 1.699684,205 1.88283,214 2.173729,219 2.116614,223 1.284437,249 2.779707,258 7.95224,292 2.585417,329 3.419947,409 2.979113,412 2.866464,430 3.302182,439 3.419947,534 3.501588,597 10.87904,615 3.663518,674 4.462494,700 3.740613,812 3.324189,1000 ship
6 1.636161,57 1.454605,72 1.264681,83 2.108825,89 2.368895,95 2.633239,117 2.421565,162 3.719452,170 2.939494,235 1.590692,249 5.559415,272 1.981805,281 3.760081,323 2.585417,732 3.394739,1000 ship
0 1.24103,22 2.028476,27 1.430905,37 1.626439,42 2.12449,60 1.278568,72 2.004472,89 2.368895,95 6.114192,148 3.949565,154 1.852748,196 2.021613,270 2.014818,292 2.585417,304 4.227187,459 3.5619,590 3.875192,1000 ship
3 1.377668,5 0.972647,23 1.622588,24 0.647429,53 2.190951,92 1.501352,105 0.818276,148 5.786008,223 1.284437,249 4.405732,258 2.832645,1000 ship
47 1.699684,89 4.73779,269 3.300265,383 2.649942,779 3.782635,986 6.655723,1000 ship
89 2.368895,170 2.939494,171 2.577758,298 2.325218,307 2.855007,439 3.419947,638 2.711793,733 2.702612,1000 ship
3 2.183552,19 1.788877,24 1.294858,58 1.320487,89 2.368895,105 0.818276,115 1.145021,171 4.085649,258 2.832645,298 2.325218,497 5.200029,540 5.995335,638 2.711793,1000 ship
89 2.368895,115 1.145021,222 1.750887,307 2.855007,615 3.663518,638 2.711793,1000 ship
89 2.368895,115 2.290042,228 4.298089,363 3.790931,377 2.779707,834 4.58887,965 7.66743,1000 ship
13 1.539455,15 1.362244,17 3.248353,19 1.788877,24 1.817563,27 2.267931,58 1.853538,60 1.278568,68 1.400981,89 2.368895,95 2.633239,105 1.296937,107 1.422223,113 1.544583,131 1.902676,171 4.085649,196 2.021613,198 2.254838,207 1.46984,208 1.611162,209 6.916783,214 2.173729,222 1.750887,249 2.779707,270 4.678262,292 4.097789,307 2.855007,327 5.958227,340 3.097382,407 2.866464,461 3.035728,497 5.200029,540 8.783007,660 3.82737,661 3.280853,797 3.006843,814 3.06587,836 4.462494,846 3.346917,974 3.240068,1000 ship
196 2.021613,209 4.241006,223 1.284437,258 2.832645,292 5.170834,363 2.391811,367 4.909234,603 3.594145,1000 ship
0 1.24103,1 1.061562,15 0.586686,27 1.430905,65 1.22138,69 1.482273,72 1.264681,78 1.413648,92 1.501352,131 1.902676,133 1.360355,148 3.949565,158 1.88004,159 5.257926,196 2.021613,207 1.46984,209 6.916783,227 2.078519,258 2.832645,270 2.014818,296 2.821729,304 2.667058,367 4.909234,401 3.740613,439 3.419947,445 2.878114,459 14.2476,524 5.806538,590 6.142034,846 3.346917,983 2.952451,990 3.531088,1000 ship
1 1.061562,15 0.586686,27 2.86181,54 1.463705,57 1.454605,68 1.400981,72 2.936499,78 1.413648,79 1.908452,92 1.501352,95 7.899717,115 1.814816,131 3.01567,148 4.983796,159 5.257926,170 2.939494,196 4.043227,209 5.351554,227 2.078519,253 5.442193,296 4.472335,412 2.866464,459 7.1238,487 3.050635,496 3.394739,497 3.280853,524 5.806538,744 3.021135,780 3.473293,1000 ship
3 3.198846,15 1.173373,20 3.527738,24 0.647429,27 3.322459,28 1.436755,52 2.354329,58 2.092922,62 3.412085,72 1.264681,95 4.173585,115 1.145021,143 2.018207,154 1.852748,170 4.658988,185 1.767252,189 2.363283,204 2.330529,235 3.181384,259 1.935058,265 2.491898,270 4.029636,274 2.250074,327 2.979113,339 5.540146,649 2.693551,1000 ship
4 1.174563,24 1.67358,48 1.544583,52 1.485417,57 1.454605,58 1.533038,63 3.028738,68 1.400981,95 5.266478,105 2.115213,112 4.193809,113 2.448107,131 1.902676,187 3.566283,258 6.577198,274 2.250074,327 2.979113,334 2.446323,336 3.838089,339 2.386011,426 2.902018,586 7.964082,623 3.82737,679 2.577758,775 2.855007,1000 ship
0 1.24103,1 1.061562,4 1.174563,15 1.173373,27 2.267931,54 1.463705,57 1.454605,72 2.004472,92 1.501352,95 5.266478,115 2.290042,131 3.01567,159 4.528931,196 4.043227,209 6.212961,222 1.750887,223 1.284437,227 2.078519,253 2.721097,304 2.667058,367 3.097382,412 2.866464,459 5.645478,487 3.050635,496 3.394739,524 3.663518,566 3.700994,615 3.663518,780 3.473293,863 2.866464,1000 ship
15 0.586686,24 0.647429,105 1.296937,148 3.949565,170 2.939494,236 2.855007,249 2.779707,270 2.014818,285 1.944158,293 2.264465,357 2.693551,484 3.5619,590 3.875192,1000 ship
89 2.368895,148 3.949565,159 2.264465,207 1.46984,327 2.979113,366 3.240068,411 2.749783,439 6.839894,1000 ship
0 1.24103,60 2.026482,109 1.536058,150 1.601783,163 4.186742,170 2.939494,228 2.711793,258 4.489636,360 3.346917,430 7.66743,483 3.501588,571 3.740613,870 3.130395,926 3.982041,983 2.952451,1000 ship
3 1.377668,89 2.368895,244 1.728158,249 2.779707,327 2.979113,439 6.839894,1000 ship
0 1.24103,60 1.278568,92 1.501352,148 2.491898,219 2.116614,223 1.284437,247 2.274228,258 5.66529,298 2.325218,360 3.346917,430 3.302182,1000 ship
0 2.482059,42 2.12449,60 2.026482,70 1.490159,72 2.004472,92 2.379586,107 1.422223,109 1.536058,115 1.145021,150 1.601783,178 2.156924,219 3.354753,228 2.711793,247 2.274228,258 2.832645,304 5.334116,360 3.346917,363 2.391811,421 4.312836,430 7.66743,439 3.419947,812 3.324189,971 3.594145,983 2.952451,995 4.942947,1000 ship
15 0.586686,27 1.430905,72 1.264681,78 1.413648,89 2.368895,92 1.501352,158 1.88004,159 3.589093,196 3.204182,209 5.351554,222 2.775089,296 2.821729,403 2.721097,459 7.1238,524 3.663518,1000 ship
73 2.217613,92 1.501352,223 1.284437,228 2.711793,355 2.810982,412 2.866464,597 6.142034,1000 ship
4 1.174563,148 4.983796,169 2.346713,597 7.750384,1000 ship
6 2.593253,14 1.616852,15 0.586686,25 1.485417,30 1.611162,59 1.636161,72 1.264681,82 6.798191,89 2.368895,107 2.25417,160 6.066164,168 2.071145,170 6.825294,190 2.40356,223 1.284437,249 7.803625,291 2.30437,317 3.99308,464 5.420488,983 2.952451,1000 ship
6 2.593253,14 1.616852,15 0.929876,24 1.294858,30 3.222325,57 2.305494,59 3.799047,72 1.264681,82 5.622699,89 2.368895,105 1.636552,160 2.346713,170 5.878988,178 2.156924,190 2.40356,223 1.284437,249 4.405732,317 2.519353,464 3.419947,900 3.531088,915 3.594145,1000 ship
0 1.24103,52 1.485417,77 3.52929,86 1.439698,89 2.368895,110 2.570182,164 2.082236,205 1.88283,228 4.298089,237 2.8004,244 1.728158,254 2.519353,360 3.346917,396 3.324189,432 3.26016,476 7.062177,523 7.003176,565 3.446107,603 3.594145,607 3.5619,608 3.5619,609 3.782635,949 3.627964,1000 ship
0 1.24103,59 1.636161,77 5.170316,81 1.88283,86 2.879396,89 4.73779,95 4.173585,109 2.434594,110 5.140364,115 1.145021,150 2.538765,209 2.675777,228 5.423585,268 2.40356,355 2.810982,360 3.346917,363 2.391811,371 5.104437,430 3.302182,476 3.531088,480 3.446107,483 3.501588,523 3.501588,565 6.892214,609 3.782635,1000 ship
15 0.586686,60 1.278568,89 3.75461,105 1.296937,107 1.422223,133 1.360355,148 2.491898,196 3.204182,208 1.611162,249 5.559415,270 4.029636,292 4.097789,329 5.420488,836 4.462494,1000 ship
4 1.174563,5 0.972647,89 2.368895,90 1.721483,95 4.173585,109 1.536058,115 1.145021,150 1.601783,206 3.628194,222 1.750887,257 2.031933,267 2.001423,275 2.433833,298 2.325218,339 2.386011,385 2.711793,623 3.82737,650 4.108417,1000 ship
15 0.586686,17 2.049482,107 1.422223,148 3.949565,181 1.99543,196 4.043227,321 3.006843,340 3.097382,359 2.821729,412 2.866464,534 3.501588,662 2.789976,987 2.427672,1000 ship
4 1.174563,24 1.294858,48 1.544583,58 1.046461,60 1.278568,92 1.501352,105 1.296937,119 2.217613,158 1.88004,207 1.46984,228 2.711793,280 2.190951,333 3.147511,355 4.455302,412 2.866464,437 2.675777,439 6.839894,490 3.324189,586 3.982041,1000 ship
3 1.377668,115 1.145021,244 1.728158,355 2.810982,399 3.324189,437 2.675777,439 3.419947,476 3.531088,492 3.473293,652 3.26016,784 4.355645,908 3.021135,1000 ship
95 2.633239,115 1.814816,148 5.786008,249 2.779707,270 3.193411,292 4.097789,304 4.227187,983 2.952451,1000 ship