89
4 2.727251,10 4.408308,34 1.950293,58 0.660244,62 3.412085,70 1.490159,107 1.422223,119 2.217613,150 1.601783,154 1.852748,200 1.699684,219 2.116614,268 2.40356,314 2.136476,334 2.446323,403 2.721097,445 2.878114,652 3.26016,661 3.280853,675 3.324189,872 2.952451,968 3.594145,1000 sugar
3 2.183552,10 3.493501,92 1.501352,115 1.145021,117 3.838089,177 4.682552,196 3.204182,227 2.078519,249 2.779707,287 2.939494,407 2.866464,1000 sugar
10 3.493501,51 1.994822,56 5.93036,235 1.590692,270 2.014818,355 2.810982,363 2.391811,374 7.255928,377 2.779707,486 6.403099,542 5.696585,567 5.645478,907 3.663518,932 5.505038,1000 sugar
3 3.867602,10 4.408308,37 2.577845,48 1.544583,58 1.320487,63 1.514369,97 1.746281,130 1.998115,171 4.085649,208 1.611162,285 1.944158,1000 sugar
1 1.682535,3 3.56122,4 1.174563,10 8.816615,25 3.44903,27 1.430905,51 3.989644,65 1.22138,70 1.490159,107 1.422223,116 7.519866,118 4.887575,122 3.215059,133 2.156111,135 3.425242,174 1.950293,181 1.258976,200 3.399368,204 2.330529,207 1.46984,269 2.082236,320 5.233835,340 4.909234,364 6.295022,385 2.711793,403 4.312836,407 4.543238,425 8.270475,551 8.886878,837 3.16506,956 3.419947,974 3.240068,1000 sugar
3 2.183552,10 6.612461,15 0.586686,25 2.354329,51 4.631833,70 1.490159,116 5.047242,118 5.441253,133 1.360355,158 4.859834,174 3.091141,181 1.99543,200 3.399368,204 2.330529,231 1.691153,330 2.368895,340 3.097382,551 3.82737,650 4.108417,920 5.878988,1000 sugar
3 2.183552,10 6.612461,14 1.616852,25 2.970833,33 1.680634,35 1.500676,51 6.626655,113 1.544583,115 1.145021,116 5.047242,118 6.314892,133 1.360355,135 2.161087,158 1.88004,174 1.950293,181 1.99543,200 3.399368,204 2.330529,207 1.46984,223 1.284437,231 1.691153,304 2.667058,320 3.302182,330 2.368895,340 4.909234,364 4.988687,400 3.240068,425 5.645478,551 3.82737,675 3.324189,812 3.324189,1000 sugar
10 3.493501,15 1.362244,34 1.950293,56 4.588353,58 1.320487,68 1.400981,140 1.874495,162 2.346713,181 1.258976,259 1.935058,290 2.505489,318 3.097382,328 3.16506,372 2.667058,377 4.405732,415 3.782635,572 3.663518,578 3.663518,1000 sugar
3 3.56122,6 1.636161,10 8.391996,11 1.917208,14 1.616852,15 1.760059,17 2.049482,24 2.052302,28 1.436755,35 2.198451,37 3.776474,54 2.319918,56 2.294176,58 1.320487,60 1.278568,63 2.400218,65 2.835957,68 1.400981,70 1.490159,72 2.004472,73 5.149139,78 1.413648,79 1.908452,91 1.858121,92 1.501352,93 2.384708,101 3.86399,102 2.587064,106 2.165276,112 1.806175,122 2.028476,130 4.639479,132 2.478568,133 2.156111,140 1.874495,143 3.198783,149 2.64154,162 2.346713,171 4.085649,173 2.740088,177 2.341276,181 1.258976,185 1.767252,190 2.40356,207 1.46984,208 1.611162,235 1.590692,243 1.725926,256 2.491898,267 3.172181,287 2.939494,339 7.563475,349 3.097382,353 2.711793,374 10.184982,415 8.783007,436 6.520321,496 3.394739,651 3.782635,687 3.183065,822 3.875192,927 5.549886,1000 sugar
1 1.061562,3 2.755336,6 1.636161,10 4.408308,15 1.760059,24 1.026151,56 2.294176,59 2.593253,63 2.400218,130 1.998115,140 3.74899,171 5.155515,186 2.309523,207 1.46984,287 2.939494,339 2.386011,374 5.750187,415 3.782635,1000 sugar
10 3.493501,35 0.946821,117 2.421565,122 2.028476,135 2.161087,194 2.965654,207 1.46984,249 2.779707,287 2.939494,335 2.386011,1000 sugar
3 3.198846,10 5.697655,15 0.586686,27 1.430905,51 1.994822,58 1.046461,87 2.391811,133 1.360355,148 2.491898,177 4.682552,190 2.40356,196 3.204182,208 1.611162,235 2.521187,245 2.089729,258 4.489636,374 3.627964,407 2.866464,429 5.696585,437 2.675777,488 5.596642,509 3.473293,1000 sugar
3 3.198846,10 4.408308,15 0.586686,22 4.709976,24 1.026151,39 1.565484,58 1.046461,63 2.400218,93 1.504583,115 1.145021,130 3.166937,185 1.767252,196 2.021613,208 1.611162,223 1.284437,291 2.30437,295 6.886035,374 5.750187,440 2.914286,662 2.789976,840 3.147511,932 3.473293,1000 sugar
1 1.061562,3 5.744771,10 5.697655,24 1.942287,25 2.354329,27 3.698836,56 5.93036,58 2.193281,60 1.278568,61 2.40951,63 3.028738,70 1.490159,93 3.889291,102 1.632256,113 2.448107,185 4.568279,248 4.002847,287 2.939494,410 3.220541,1000 sugar
10 5.117887,25 2.970833,56 2.294176,60 1.278568,65 1.22138,81 1.88283,103 2.049482,117 2.421565,122 4.709976,135 2.161087,144 2.505489,159 2.264465,177 3.710835,181 1.258976,195 2.583982,196 2.021613,197 2.485201,207 1.46984,223 2.035784,245 2.089729,257 2.031933,287 2.939494,317 5.038706,345 2.866464,370 3.26016,799 2.821729,911 3.006843,1000 sugar
3 4.133003,10 3.493501,24 2.052302,25 2.354329,35 1.500676,37 1.626439,58 0.660244,63 1.514369,70 1.490159,101 2.637584,111 2.485201,130 1.998115,171 2.577758,177 2.341276,207 1.46984,287 4.658988,410 5.104437,1000 sugar
3 2.183552,10 2.204154,24 0.647429,35 0.946821,58 1.706705,65 1.22138,113 1.544583,118 2.104964,130 1.998115,174 1.950293,197 3.93895,200 2.693935,207 1.46984,238 3.188065,410 5.104437,568 3.501588,845 3.82737,872 5.904901,990 3.531088,1000 sugar
10 4.408308,35 0.946821,133 1.360355,172 3.367238,207 1.46984,245 3.312142,327 4.721783,1000 sugar
1 1.061562,3 3.56122,10 6.187842,25 2.354329,51 3.989644,65 1.935842,116 4.347457,118 3.336289,122 6.430118,135 2.161087,158 1.88004,200 1.699684,231 2.680414,235 2.521187,269 4.164471,340 4.909234,1000 sugar
3 2.755336,10 4.408308,24 0.647429,25 1.485417,58 0.660244,62 2.152786,86 1.439698,109 1.536058,116 5.619007,118 3.336289,158 1.88004,174 1.950293,200 2.693935,330 2.368895,340 3.097382,902 3.081447,915 5.696585,1000 sugar
3 3.198846,10 2.204154,25 2.354329,33 1.680634,122 2.028476,174 1.950293,197 2.485201,200 2.693935,238 2.011445,320 3.302182,364 3.147511,425 3.5619,1000 sugar
3 2.755336,10 5.697655,35 1.500676,65 2.44276,70 1.490159,109 1.536058,115 1.145021,116 5.047242,118 4.887575,122 5.694653,135 2.161087,174 1.950293,180 1.511092,200 1.699684,223 1.284437,245 2.089729,269 3.300265,272 3.141086,330 2.368895,340 3.097382,653 2.625036,928 2.889963,1000 sugar
3 2.183552,10 6.612461,15 0.586686,25 3.839746,33 1.680634,35 1.500676,51 5.600173,63 2.400218,71 2.421565,73 2.217613,116 6.102428,118 5.909381,122 3.215059,133 4.312223,135 2.161087,158 2.979793,168 2.071145,174 1.950293,192 2.585417,200 2.693935,207 2.329641,208 2.553632,231 1.691153,238 2.011445,245 2.089729,269 2.082236,274 2.250074,288 2.44005,340 3.097382,364 3.147511,589 3.782635,861 4.181447,971 3.594145,990 3.531088,1000 sugar
8 1.348617,10 4.408308,15 0.586686,33 1.680634,143 2.018207,197 3.93895,200 1.699684,287 4.658988,320 3.302182,433 2.843736,1000 sugar
3 3.198846,10 6.612461,14 1.616852,15 0.586686,27 1.430905,35 0.946821,51 3.161718,65 1.22138,102 1.632256,115 1.145021,116 4.347457,118 4.209928,122 3.215059,133 2.156111,135 3.425242,158 1.88004,160 2.346713,171 2.577758,174 1.950293,181 2.517953,200 1.699684,207 1.46984,219 2.116614,231 2.680414,269 2.082236,320 5.233835,340 3.097382,364 6.295022,403 4.312836,425 8.270475,551 7.65474,723 2.693551,793 2.740088,920 2.939494,1000 sugar
3 1.377668,10 5.697655,14 1.616852,27 1.430905,33 1.680634,35 0.946821,51 5.15654,65 1.22138,116 5.047242,118 3.336289,133 1.360355,135 3.425242,158 2.979793,181 1.258976,200 1.699684,245 2.089729,269 2.082236,285 1.944158,320 5.233835,364 6.295022,425 7.1238,551 3.82737,974 3.240068,1000 sugar
1 1.061562,3 1.377668,10 5.697655,14 1.616852,27 1.430905,33 1.680634,35 0.946821,51 4.631833,65 1.22138,116 5.047242,118 3.336289,133 1.360355,135 3.425242,181 1.99543,200 1.699684,269 2.082236,285 1.944158,320 3.302182,364 7.308294,425 5.645478,551 6.066238,1000 sugar
1 1.061562,3 5.382397,4 1.174563,6 1.636161,10 10.235773,15 0.929876,24 2.395772,25 2.354329,31 1.899806,34 3.091141,35 2.447497,51 3.989644,56 2.294176,58 2.753166,63 3.028738,65 3.871683,68 2.801961,71 4.843129,81 1.88283,87 5.553614,101 3.32826,116 3.445278,118 6.992539,127 2.30437,128 1.998115,130 5.165052,133 3.158646,160 2.346713,162 4.693425,171 2.577758,174 1.950293,177 3.710835,181 2.517953,190 3.809552,197 6.424151,200 3.946544,204 2.330529,207 4.409519,208 3.222325,213 2.067487,227 2.078519,231 2.680414,232 2.148672,235 3.181384,238 3.188065,243 1.725926,245 2.089729,259 3.066994,269 3.300265,270 2.014818,278 4.721783,282 2.386011,287 2.939494,289 2.459041,318 7.191898,353 4.298089,363 2.391811,377 2.779707,415 14.401835,433 4.507214,443 3.324189,507 3.081447,554 6.406978,568 9.051474,583 10.990553,699 7.072886,872 7.631974,878 3.594145,911 3.006843,983 2.952451,1000 sugar
1 1.061562,10 5.697655,34 3.091141,155 2.711793,162 2.346713,169 2.346713,181 2.517953,196 4.043227,205 1.88283,235 1.590692,272 1.981805,278 2.979113,280 3.472575,289 2.459041,403 2.721097,415 7.56527,675 3.324189,699 4.462494,896 3.501588,974 3.240068,1000 sugar
3 4.576513,10 5.117887,24 2.395772,28 1.436755,35 0.946821,63 3.516256,93 1.504583,113 2.448107,116 2.173729,118 2.104964,140 2.971004,174 3.091141,197 4.970402,200 1.699684,238 2.011445,244 1.728158,374 3.627964,415 5.995335,1000 sugar
3 3.867602,10 5.697655,24 1.294858,27 1.430905,28 3.336041,37 1.626439,58 1.046461,69 2.349347,70 1.490159,93 1.504583,102 2.587064,118 2.104964,174 1.950293,197 2.485201,235 2.521187,269 2.082236,270 3.193411,888 3.302182,1000 sugar
1 1.061562,3 2.755336,10 4.408308,24 1.026151,35 0.946821,73 2.217613,109 1.536058,116 5.619007,118 2.104964,158 1.88004,174 1.950293,200 1.699684,235 1.590692,269 3.300265,650 4.108417,1000 sugar
3 1.377668,10 2.204154,70 1.490159,118 2.104964,122 2.028476,135 2.161087,197 2.485201,1000 sugar
3 2.183552,10 3.493501,24 1.026151,58 0.660244,63 1.514369,65 1.22138,68 1.400981,73 2.217613,101 1.66413,113 1.544583,130 1.998115,207 1.46984,208 1.611162,231 1.691153,256 2.491898,259 1.935058,295 2.965654,318 3.097382,320 3.302182,349 3.097382,353 2.711793,365 3.20155,415 8.783007,433 2.843736,1000 sugar
10 4.408308,65 1.22138,73 2.217613,117 3.838089,122 3.215059,133 1.360355,135 5.017889,197 2.485201,245 2.089729,249 2.779707,257 2.031933,285 1.944158,370 6.520321,671 4.263088,1000 sugar
3 1.377668,10 4.408308,60 1.278568,65 2.44276,105 1.636552,117 2.421565,122 4.709976,133 1.360355,135 2.161087,181 1.99543,197 2.485201,216 2.505489,257 2.031933,370 7.569858,1000 sugar
10 2.204154,60 1.278568,73 2.217613,105 1.296937,115 1.145021,117 3.838089,122 4.056953,133 2.156111,135 2.161087,197 2.485201,219 2.116614,257 2.031933,370 9.152427,408 3.240068,1000 sugar
1 1.061562,10 2.204154,73 2.217613,105 0.818276,117 3.838089,122 2.028476,133 2.156111,135 3.425242,197 2.485201,219 2.116614,249 4.405732,257 2.031933,370 8.427392,554 4.042353,671 8.526176,797 4.765733,1000 sugar
10 2.204154,73 2.217613,105 0.818276,115 1.145021,117 2.421565,122 2.028476,135 2.161087,197 2.485201,244 1.728158,245 2.089729,249 4.405732,257 2.031933,370 5.167232,497 3.280853,671 4.263088,1000 sugar
10 2.204154,117 2.421565,122 2.028476,135 2.161087,197 2.485201,370 3.26016,1000 sugar
3 4.133003,10 3.493501,24 1.817563,25 2.354329,28 1.436755,58 1.046461,93 1.504583,101 2.637584,130 1.998115,171 2.577758,270 2.014818,735 4.58887,1000 sugar
3 4.367104,6 2.593253,10 5.117887,24 1.67358,58 0.660244,63 2.400218,81 1.88283,92 2.379586,130 3.166937,140 2.971004,143 2.018207,171 2.577758,185 1.767252,223 1.284437,235 1.590692,358 6.502327,479 3.220541,736 3.700994,799 2.821729,916 2.570182,973 3.26016,1000 sugar
3 2.755336,10 5.117887,24 1.503284,51 1.994822,54 1.463705,63 2.400218,130 1.998115,133 1.360355,140 1.874495,162 2.346713,168 2.071145,173 2.740088,190 2.40356,195 1.630311,207 1.46984,257 2.031933,287 5.878988,358 6.502327,374 3.627964,661 3.280853,979 3.446107,987 2.427672,1000 sugar
1 1.061562,10 5.117887,15 0.929876,30 4.164794,54 2.319918,58 1.533038,60 2.026482,61 2.40951,65 1.22138,96 2.936535,107 1.422223,115 1.814816,121 4.507214,159 2.264465,172 4.248981,174 1.950293,177 3.710835,181 1.258976,196 3.204182,199 6.094605,200 1.699684,207 2.939679,213 4.134975,219 2.116614,225 3.745714,227 2.078519,272 1.981805,279 6.58633,509 3.473293,797 3.006843,983 2.952451,1000 sugar
3 4.576513,6 1.636161,10 5.697655,24 1.294858,37 2.577845,58 1.046461,81 2.984214,186 5.970031,349 3.097382,952 3.92656,1000 sugar
10 4.408308,73 2.217613,105 0.818276,117 2.421565,197 2.485201,370 5.167232,671 4.263088,1000 sugar
1 1.061562,10 2.204154,15 0.586686,73 3.514834,105 0.818276,115 1.145021,117 2.421565,122 2.028476,135 2.161087,197 2.485201,245 2.089729,370 5.167232,497 3.280853,1000 sugar
10 2.204154,73 2.217613,105 0.818276,117 2.421565,122 2.028476,197 2.485201,244 1.728158,257 2.031933,370 3.26016,497 3.280853,1000 sugar
3 3.56122,10 5.697655,15 0.929876,24 2.646342,56 2.294176,58 1.533038,63 3.516256,65 1.22138,68 1.400981,113 1.544583,118 2.104964,140 4.352443,171 2.577758,174 1.950293,185 1.767252,200 2.693935,238 3.188065,243 2.735528,269 2.082236,287 2.939494,318 4.909234,377 2.779707,410 3.220541,415 8.783007,568 3.501588,583 3.663518,793 4.342937,798 2.625036,872 5.904901,1000 sugar
3 1.377668,10 6.612461,105 1.296937,148 2.491898,244 1.728158,339 2.386011,370 3.26016,528 3.5619,797 3.006843,1000 sugar
3 2.755336,10 2.204154,65 1.22138,68 1.400981,73 2.217613,103 3.248353,105 0.818276,135 2.161087,181 1.258976,287 2.939494,335 2.386011,405 2.832645,554 8.084706,638 2.711793,769 4.743541,787 4.58887,939 3.446107,1000 sugar
10 3.493501,13 1.539455,20 1.519314,28 1.436755,35 0.946821,65 1.22138,73 3.514834,96 1.852748,103 2.049482,105 2.297192,133 2.156111,181 1.99543,197 2.485201,207 1.46984,219 2.116614,257 2.031933,279 2.54794,287 2.939494,315 2.759615,554 6.406978,675 3.324189,939 3.446107,1000 sugar
3 1.377668,10 2.204154,115 1.145021,122 2.028476,197 2.485201,285 1.944158,1000 sugar
3 4.133003,6 1.636161,10 4.408308,58 0.660244,63 1.514369,69 3.441731,93 1.504583,287 2.939494,407 2.866464,638 2.711793,1000 sugar
1 1.061562,17 2.049482,49 5.904392,51 3.161718,63 1.514369,78 3.282388,89 2.368895,133 2.156111,180 1.511092,181 1.258976,198 2.254838,458 3.050635,698 3.594145,960 3.663518,1000 sugar
10 5.117887,51 1.994822,54 1.463705,58 0.660244,60 2.026482,61 2.40951,70 1.490159,107 1.422223,159 2.264465,174 1.950293,199 3.73689,200 1.699684,225 2.363283,346 2.44005,390 2.789976,991 3.82737,996 3.370416,1000 sugar
3 2.183552,4 1.174563,10 5.117887,25 1.485417,27 1.430905,48 1.544583,58 1.320487,63 3.028738,101 1.66413,130 1.998115,171 2.577758,243 1.725926,318 3.097382,372 2.667058,383 2.649942,407 2.866464,1000 sugar
1 1.061562,3 1.377668,10 5.697655,35 1.500676,65 2.44276,72 1.264681,78 1.413648,207 2.329641,285 1.944158,287 2.939494,339 4.772022,730 3.20155,807 3.92656,1000 sugar
1 2.46487,3 1.377668,10 6.187842,60 1.278568,65 1.22138,112 1.806175,117 2.421565,122 2.028476,177 3.710835,181 1.258976,196 3.204182,207 2.329641,243 1.725926,257 2.031933,287 2.939494,345 4.543238,370 5.167232,1000 sugar
1 2.123123,3 3.198846,10 3.493501,65 1.22138,73 2.217613,105 0.818276,115 1.145021,117 2.421565,133 1.360355,197 2.485201,257 2.031933,298 2.325218,937 3.346917,1000 sugar
3 2.183552,10 2.204154,48 1.544583,143 2.018207,148 3.949565,197 2.485201,227 2.078519,249 2.779707,349 3.097382,370 3.26016,916 2.570182,1000 sugar
10 2.204154,89 2.368895,327 2.979113,355 2.810982,377 2.779707,439 3.419947,827 3.130395,1000 sugar
1 1.061562,3 1.377668,6 1.636161,10 2.204154,15 0.929876,59 1.636161,63 2.400218,81 1.88283,140 1.874495,171 4.085649,186 2.309523,207 1.46984,287 2.939494,295 2.965654,793 2.740088,932 3.473293,1000 sugar
0 1.24103,3 4.133003,6 1.636161,10 9.009397,15 0.586686,24 1.503284,35 1.893643,49 3.620261,51 3.989644,56 3.636183,58 1.533038,59 1.636161,60 1.278568,63 4.800436,65 3.66414,67 1.969027,68 1.400981,71 3.838089,87 4.783623,101 3.32826,107 2.844445,113 1.544583,120 2.40951,133 1.360355,137 2.112709,140 1.874495,143 3.198783,154 1.852748,164 2.082236,171 5.155515,174 1.950293,189 2.363283,195 2.583982,200 1.699684,204 2.330529,207 4.409519,208 3.222325,235 3.693473,242 3.097382,256 2.491898,280 2.190951,291 2.30437,314 3.386234,316 3.26016,327 4.721783,333 3.147511,335 3.781738,411 2.749783,454 3.324189,665 4.462494,793 5.480176,896 3.501588,988 3.740613,1000 sugar
6 1.636161,10 5.117887,30 1.611162,35 0.946821,59 1.636161,82 4.843129,87 6.182742,143 3.198783,208 1.611162,314 2.136476,327 5.958227,340 3.097382,1000 sugar
1 1.061562,3 4.765948,10 5.697655,19 1.788877,24 2.321009,25 2.970833,27 2.267931,35 2.840464,43 2.988653,51 3.989644,56 4.588353,57 1.454605,58 1.046461,63 4.543107,65 1.935842,81 1.88283,116 2.173729,117 3.838089,118 2.104964,133 2.156111,140 1.874495,143 2.018207,171 2.577758,177 3.710835,196 3.204182,204 2.330529,207 2.329641,219 2.116614,225 4.726565,227 2.078519,243 1.725926,244 1.728158,259 3.066994,339 4.772022,370 3.26016,509 3.473293,671 4.263088,687 3.183065,705 4.58887,707 4.743541,872 2.952451,916 2.570182,919 4.788386,987 2.427672,1000 sugar
1 1.061562,3 2.755336,10 7.625119,37 1.626439,58 0.660244,59 4.908482,73 2.217613,75 6.981673,97 4.054739,107 2.25417,143 4.036415,270 4.029636,285 3.081418,517 3.20155,652 3.26016,687 3.183065,694 3.501588,867 2.939494,1000 sugar
1 1.061562,3 4.133003,10 5.697655,24 1.026151,35 0.946821,58 0.660244,65 2.835957,73 3.514834,103 2.049482,105 1.296937,112 1.806175,117 3.838089,118 2.104964,122 4.709976,135 3.425242,177 6.052111,181 2.923252,196 4.694041,197 2.485201,244 2.739066,257 2.031933,285 3.081418,317 2.519353,339 3.781738,370 6.520321,384 4.342937,386 3.16506,422 3.346917,497 5.200029,554 11.348319,735 7.273187,787 4.58887,837 3.16506,901 4.355645,1000 sugar
3 2.183552,6 1.636161,10 5.117887,25 1.485417,51 1.994822,116 5.047242,118 3.336289,122 2.028476,158 1.88004,330 2.368895,340 3.097382,1000 sugar
1 2.46487,3 3.867602,5 0.972647,10 9.681343,20 1.519314,24 2.052302,25 2.970833,32 1.858121,33 1.680634,35 2.447497,39 1.565484,51 4.631833,54 1.463705,56 2.294176,58 2.284067,60 2.557135,61 2.40951,63 5.030624,65 4.771798,68 2.220502,70 4.470476,71 3.838089,72 2.529362,83 2.108825,86 2.879396,87 2.391811,91 1.858121,92 1.501352,101 2.637584,102 2.587064,105 0.818276,107 2.25417,109 1.536058,118 4.887575,128 1.998115,130 6.912341,133 2.156111,138 4.783623,141 2.074822,143 2.018207,150 1.601783,159 5.853558,174 3.091141,180 3.022183,185 1.767252,190 2.40356,194 2.965654,195 3.260623,199 2.357715,200 2.693935,204 2.330529,207 4.659281,208 1.611162,223 1.284437,232 2.148672,235 5.042375,239 2.855007,245 2.089729,253 2.721097,259 1.935058,270 2.014818,278 2.979113,281 3.760081,285 1.944158,286 3.035728,287 2.939494,309 3.021135,316 3.26016,317 2.519353,330 3.75461,349 3.097382,374 10.883892,377 2.779707,394 3.081447,405 4.489636,406 6.946585,407 4.543238,412 2.866464,429 5.696585,478 3.501588,488 5.596642,606 4.042353,660 3.82737,767 6.406978,868 4.58887,889 4.108417,904 4.355645,987 2.427672,1000 sugar
6 1.636161,10 2.204154,37 4.565991,58 1.046461,59 1.636161,70 1.490159,87 7.581862,93 1.504583,159 2.264465,194 2.965654,287 2.939494,309 3.021135,327 2.979113,355 2.810982,429 3.594145,488 3.531088,498 3.700994,518 3.501588,606 4.042353,613 3.92656,664 3.446107,720 3.82737,1000 sugar
1 1.061562,3 2.183552,10 2.204154,25 1.485417,33 1.680634,115 1.814816,118 3.336289,122 4.709976,135 2.161087,152 3.573834,174 1.950293,181 1.258976,200 2.693935,219 3.354753,320 3.302182,364 4.988687,425 5.645478,643 3.627964,1000 sugar
3 2.183552,8 1.348617,10 2.204154,117 2.421565,122 2.028476,135 2.161087,197 2.485201,1000 sugar
3 3.867602,6 1.636161,10 3.493501,24 1.67358,27 1.430905,56 3.636183,58 0.660244,60 1.278568,61 2.40951,63 3.914587,69 3.441731,185 2.801028,243 1.725926,287 2.939494,1000 sugar
3 3.867602,10 3.493501,15 1.173373,24 1.67358,27 2.267931,58 1.046461,60 1.278568,61 2.40951,63 3.028738,68 1.400981,93 4.223899,101 1.66413,102 1.632256,113 1.544583,130 3.166937,140 1.874495,171 2.577758,185 2.801028,190 2.40356,798 2.625036,1000 sugar
3 2.183552,6 1.636161,24 1.026151,58 0.660244,93 1.504583,130 1.998115,171 2.577758,243 2.735528,318 4.909234,433 2.843736,1000 sugar
3 2.183552,10 4.408308,24 0.647429,25 2.354329,86 1.439698,115 1.145021,116 3.445278,118 3.336289,122 4.709976,127 2.30437,135 2.161087,140 1.874495,152 3.573834,181 1.258976,197 2.485201,219 3.354753,244 1.728158,269 2.082236,320 3.302182,330 2.368895,340 3.097382,364 7.308294,425 3.5619,551 3.82737,1000 sugar
1 1.061562,3 3.867602,10 6.987002,15 0.586686,24 1.294858,25 2.354329,58 1.046461,63 1.514369,92 1.501352,110 2.570182,115 1.145021,117 2.421565,122 2.028476,135 2.161087,143 3.198783,173 2.740088,197 2.485201,219 2.116614,235 1.590692,237 2.8004,285 1.944158,287 2.939494,335 2.386011,407 2.866464,554 4.042353,671 4.263088,1000 sugar
1 1.061562,3 2.183552,10 4.408308,15 0.586686,25 1.485417,58 0.660244,92 1.501352,135 2.161087,143 3.198783,197 2.485201,235 1.590692,916 2.570182,1000 sugar
3 3.56122,10 3.493501,25 2.970833,33 1.680634,115 2.290042,116 2.173729,118 2.104964,122 4.709976,135 2.161087,140 1.874495,171 2.577758,174 1.950293,181 1.258976,197 2.485201,200 2.693935,219 2.116614,238 2.011445,320 5.233835,364 7.308294,425 3.5619,517 3.20155,551 3.82737,554 4.042353,870 3.130395,1000 sugar
6 1.636161,10 3.493501,51 3.161718,58 0.660244,59 2.593253,82 5.622699,154 2.936535,158 1.88004,160 7.040138,180 1.511092,192 2.585417,235 2.521187,244 1.728158,281 1.88004,291 4.60874,292 6.683206,357 5.387102,374 5.750187,440 2.914286,451 3.346917,454 5.268714,673 4.619034,811 3.370416,852 5.420488,996 3.370416,1000 sugar
6 1.636161,10 4.408308,37 3.252878,58 1.046461,59 2.593253,87 5.553614,113 1.544583,132 2.478568,143 4.036415,181 1.99543,244 2.739066,327 7.700896,337 2.512387,1000 sugar
6 1.636161,10 5.117887,37 2.577845,58 1.320487,59 2.593253,87 6.182742,93 1.504583,113 1.544583,132 2.478568,143 4.036415,181 2.517953,244 2.739066,327 6.917287,337 2.512387,1000 sugar
1 1.061562,6 1.636161,10 9.526194,15 1.173373,17 2.049482,24 1.503284,30 3.222325,35 2.198451,37 2.577845,46 2.274228,49 8.188522,51 1.994822,54 1.463705,58 1.853538,59 1.636161,63 5.238855,87 3.790931,101 4.301714,107 1.422223,118 2.104964,130 5.165052,133 2.156111,143 2.018207,156 2.8004,160 2.346713,162 2.346713,164 3.300265,168 6.565375,173 2.740088,174 1.950293,200 1.699684,207 1.46984,222 1.750887,223 1.284437,231 2.680414,232 3.405565,235 3.181384,278 7.700896,291 3.65234,310 2.433833,314 4.272952,323 5.170834,327 6.917287,330 2.368895,335 2.386011,374 3.627964,415 3.782635,436 3.26016,971 3.594145,1000 sugar
5 1.541608,6 2.593253,8 2.697235,10 9.681343,24 0.647429,35 0.946821,37 1.626439,49 5.303587,51 1.994822,56 3.636183,58 0.660244,59 1.636161,63 2.400218,82 5.622699,87 2.391811,88 6.698379,101 1.66413,105 1.296937,130 1.998115,133 2.72071,143 2.018207,149 4.186742,154 2.936535,164 2.082236,168 5.814439,181 1.258976,187 4.500149,205 1.88283,208 3.741003,235 2.521187,278 8.363429,287 4.658988,291 2.30437,314 5.52271,327 8.363429,374 5.750187,406 5.505038,415 5.995335,485 3.006843,724 3.663518,1000 sugar
6 1.636161,10 7.901809,24 1.294858,37 3.776474,51 1.994822,58 1.706705,59 1.636161,70 1.490159,82 4.843129,86 1.439698,87 9.106474,109 1.536058,143 3.198783,150 1.601783,164 2.082236,168 3.282687,208 1.611162,231 1.691153,235 3.181384,248 4.647161,278 2.979113,314 2.136476,317 2.519353,327 5.958227,345 2.866464,356 2.616929,374 3.627964,827 3.130395,1000 sugar
6 1.636161,8 1.348617,10 6.987002,24 0.647429,47 1.699684,56 3.636183,58 2.193281,63 2.400218,68 1.400981,82 3.838089,101 2.637584,109 1.536058,115 1.814816,130 3.166937,156 2.8004,158 1.88004,162 4.693425,168 4.14229,171 2.577758,173 2.740088,235 2.521187,256 2.491898,265 2.491898,270 4.029636,278 7.700896,281 1.88004,307 2.855007,323 2.585417,325 3.006843,374 10.184982,377 4.405732,415 11.347906,436 3.26016,443 5.268714,583 10.990553,649 2.693551,679 4.085649,698 5.696585,872 2.952451,971 3.594145,1000 sugar
3 2.755336,10 4.408308,25 1.485417,27 1.430905,51 1.994822,65 1.22138,102 1.632256,115 1.145021,116 2.173729,118 2.104964,122 4.056953,135 2.161087,152 2.254838,181 1.258976,197 3.93895,200 1.699684,304 2.667058,320 3.302182,364 4.988687,425 5.645478,517 3.20155,554 4.042353,643 3.627964,725 3.370416,979 3.446107,1000 sugar
3 3.198846,10 4.408308,15 1.173373,24 1.026151,28 1.436755,58 1.533038,63 1.514369,190 3.809552,238 2.011445,269 2.082236,415 5.995335,1000 sugar