223
0 1.966986,15 0.586686,21 2.259635,24 0.647429,40 4.983796,63 2.400218,77 3.52929,79 1.908452,110 4.073642,119 2.217613,150 1.601783,204 2.330529,235 1.590692,237 2.8004,239 4.525078,254 2.519353,256 2.491898,292 2.585417,332 2.843736,424 3.06587,432 5.167232,438 3.370416,441 3.20155,469 3.501588,472 3.050635,492 3.473293,495 3.5619,496 3.394739,523 3.501588,530 3.240068,539 3.501588,678 2.889963,1000 crude
0 1.24103,21 2.259635,42 2.12449,48 1.544583,58 0.660244,79 1.908452,228 2.711793,244 1.728158,339 3.781738,424 3.06587,572 3.663518,1000 crude
0 3.208015,11 1.917208,28 1.436755,42 2.12449,45 2.165276,55 2.49866,63 2.400218,65 1.22138,71 2.421565,72 1.264681,115 1.145021,138 3.790931,184 2.997585,222 1.750887,235 2.521187,281 1.88004,330 2.368895,405 2.832645,627 3.782635,679 2.577758,733 2.702612,775 2.855007,1000 crude
0 2.482059,42 2.12449,58 0.660244,86 1.439698,109 1.536058,138 2.391811,150 1.601783,165 4.598509,235 1.590692,281 1.88004,328 3.16506,486 5.074336,575 9.750765,598 3.875192,1000 crude
0 2.482059,1 1.061562,15 0.929876,21 7.162874,22 3.215059,24 2.589716,28 2.277202,37 1.626439,40 3.949565,42 2.12449,79 1.908452,86 1.439698,102 3.264511,138 2.391811,181 2.923252,186 6.483652,235 1.590692,242 3.097382,268 2.40356,281 1.88004,290 2.505489,311 4.988687,569 3.875192,598 7.750384,949 3.627964,1000 crude
0 2.881582,15 1.760059,21 5.24671,22 4.709976,23 2.571741,24 1.503284,37 2.577845,42 4.248981,58 1.320487,63 3.914587,68 2.220502,69 3.441731,79 4.431288,101 3.32826,130 1.998115,138 2.391811,154 2.936535,165 2.299254,281 1.88004,598 8.997917,802 3.324189,888 5.233835,900 3.531088,973 3.26016,1000 crude
0 1.24103,5 1.541608,15 0.929876,21 3.581437,22 2.028476,24 1.026151,63 1.514369,93 3.493534,130 1.998115,165 2.299254,1000 crude
0 2.482059,4 1.174563,15 0.586686,24 1.817563,63 3.516256,69 2.349347,93 2.384708,102 2.587064,165 3.644232,171 2.577758,244 1.728158,664 3.446107,842 3.081447,1000 crude
0 2.881582,4 1.174563,21 2.259635,22 2.028476,24 0.647429,45 2.165276,72 1.264681,92 2.379586,105 0.818276,113 1.544583,163 2.64154,180 1.511092,194 2.965654,214 2.173729,223 1.284437,230 2.8004,261 2.965654,332 2.843736,371 6.441082,383 2.649942,487 3.050635,1000 crude
0 3.723089,5 1.541608,15 0.586686,20 1.519314,21 3.581437,22 4.056953,24 0.647429,37 1.626439,40 6.441463,42 2.12449,45 2.165276,54 2.927411,65 1.935842,67 3.120835,68 1.400981,79 1.908452,101 2.637584,105 0.818276,130 4.639479,140 1.874495,163 6.133467,184 3.782531,187 2.250074,207 1.46984,223 1.284437,235 1.590692,243 1.725926,270 2.014818,330 2.368895,440 8.181435,603 7.18829,1000 crude
0 3.484011,8 2.137508,15 1.173373,22 3.215059,42 2.12449,45 2.165276,54 1.463705,65 1.22138,84 2.152786,90 1.721483,92 1.501352,127 2.30437,163 6.133467,180 2.395023,184 3.782531,192 2.585417,222 1.750887,223 2.035784,235 3.693473,244 1.728158,270 2.014818,289 2.459041,323 2.585417,350 2.52639,424 3.06587,603 3.594145,723 2.693551,987 2.427672,996 3.370416,1000 crude
0 1.966986,11 1.917208,42 4.932914,45 2.165276,65 1.22138,92 1.501352,163 6.828283,172 5.491728,184 4.391383,222 1.750887,223 1.284437,235 4.465637,244 1.728158,270 2.014818,323 4.097789,350 2.52639,424 3.06587,730 3.20155,898 3.875192,923 4.108417,1000 crude
0 3.484011,8 2.137508,15 1.647037,21 2.259635,22 3.215059,27 1.430905,40 3.949565,42 2.12449,48 1.544583,54 1.463705,58 0.660244,63 1.514369,65 1.22138,68 1.400981,76 3.897488,79 1.908452,84 2.152786,105 1.899978,130 3.996229,133 1.360355,163 4.186742,184 1.891266,204 2.330529,208 1.611162,223 1.284437,232 2.148672,270 2.014818,350 2.52639,485 3.006843,603 5.696585,793 2.740088,987 2.427672,1000 crude
0 1.24103,4 1.174563,42 2.12449,115 1.145021,148 2.491898,261 2.965654,283 3.183065,298 2.325218,399 3.324189,452 3.446107,472 3.050635,1000 crude
0 3.208015,1 1.061562,2 2.161249,5 3.083217,15 0.586686,23 1.622588,27 1.430905,36 2.299254,43 1.88563,54 1.463705,55 2.49866,58 1.533038,62 2.152786,63 1.514369,65 1.935842,68 1.400981,70 2.361846,76 2.459041,77 3.52929,86 1.439698,101 1.66413,105 1.899978,109 3.072115,150 1.601783,172 2.12449,178 2.156924,208 1.611162,213 2.067487,232 2.148672,240 2.810982,273 2.730527,294 2.866464,310 2.433833,336 2.421565,472 4.835142,577 3.531088,649 2.693551,799 2.821729,847 3.370416,916 2.570182,925 3.302182,1000 crude
0 3.933971,21 2.259635,22 4.056953,32 1.858121,40 11.713016,42 2.12449,45 2.165276,59 1.636161,60 1.278568,79 1.908452,105 3.799957,133 2.72071,350 2.52639,412 2.866464,483 3.501588,504 8.324978,595 6.142034,949 3.627964,1000 crude
0 1.24103,34 1.950293,39 1.565484,40 6.995642,42 2.12449,62 2.152786,81 1.88283,93 1.504583,154 1.852748,238 2.011445,242 3.097382,268 2.40356,274 2.250074,290 2.505489,311 9.442533,363 2.391811,383 2.649942,492 5.505038,530 3.240068,534 3.501588,648 4.462494,746 3.346917,1000 crude
3 1.377668,15 0.586686,24 0.647429,25 1.485417,34 1.950293,42 4.248981,50 2.161087,188 1.750887,192 2.585417,195 1.630311,235 1.590692,248 2.001423,272 3.141086,274 2.250074,290 2.505489,311 6.295022,986 2.866464,1000 crude
21 2.259635,34 1.950293,39 1.565484,40 2.491898,42 2.12449,79 1.908452,93 1.504583,115 1.145021,271 2.600994,274 2.250074,290 2.505489,311 8.83618,363 2.391811,383 2.649942,492 5.505038,1000 crude
0 1.24103,34 1.950293,40 2.491898,42 2.12449,181 1.99543,268 2.40356,290 2.505489,311 7.308294,492 3.473293,530 3.240068,1000 crude
0 3.723089,1 1.061562,2 1.080624,4 1.174563,21 2.259635,22 2.028476,24 1.026151,25 1.485417,35 0.946821,40 4.983796,57 1.454605,65 1.22138,78 1.413648,83 2.108825,117 3.838089,159 7.178186,209 2.675777,223 1.284437,235 1.590692,237 5.6008,253 4.312836,273 5.461055,285 1.944158,292 2.585417,293 2.264465,294 5.732928,297 2.939494,339 4.772022,459 3.5619,566 10.390004,974 3.240068,989 3.627964,1000 crude
0 2.881582,4 1.174563,21 3.581437,47 1.699684,58 0.660244,79 1.908452,165 3.644232,253 2.721097,363 2.391811,432 3.26016,566 3.700994,575 3.473293,1000 crude
0 2.482059,4 1.174563,15 0.929876,21 2.259635,22 2.028476,24 1.026151,40 5.786008,58 1.046461,63 1.514369,69 3.83162,79 1.908452,102 1.632256,130 1.998115,165 2.299254,253 2.721097,256 2.491898,259 1.935058,268 2.40356,566 5.865937,1000 crude
0 2.881582,2 1.080624,4 1.174563,21 3.581437,22 2.028476,24 0.647429,79 3.024825,143 2.018207,159 5.853558,240 4.455302,273 4.327784,293 3.589093,294 4.543238,297 2.939494,566 5.865937,1000 crude
0 2.881582,1 1.061562,2 1.080624,4 1.174563,5 0.972647,6 1.636161,13 1.539455,27 1.430905,57 2.305494,58 0.660244,63 1.514369,69 1.482273,72 2.004472,78 1.413648,79 1.908452,95 6.114192,105 0.818276,115 1.814816,116 2.173729,133 1.360355,148 3.949565,159 5.257926,162 2.346713,209 8.482012,227 2.078519,235 2.521187,253 2.721097,254 2.519353,258 2.832645,296 5.643458,332 2.843736,340 3.097382,367 7.191898,385 2.711793,459 9.999517,478 3.501588,524 5.806538,566 3.700994,846 3.346917,870 3.130395,974 3.240068,1000 crude
0 1.966986,2 2.161249,4 1.174563,13 1.539455,15 1.362244,28 1.436755,42 2.12449,47 2.693935,57 1.454605,58 0.660244,65 1.22138,68 2.220502,158 1.88004,162 2.346713,181 1.99543,209 5.351554,222 1.750887,253 2.721097,292 6.683206,296 2.821729,367 3.097382,385 2.711793,403 2.721097,452 3.446107,459 8.270475,478 5.549886,524 3.663518,566 7.401988,590 3.875192,858 3.875192,939 3.446107,1000 crude
0 1.24103,4 1.861639,15 0.586686,24 0.647429,25 1.485417,69 1.482273,72 1.264681,95 4.173585,105 0.818276,159 3.589093,196 2.021613,209 5.351554,367 3.097382,566 3.700994,1000 crude
0 2.482059,1 1.061562,4 1.861639,5 0.972647,13 1.539455,15 0.586686,27 1.430905,47 2.693935,57 2.305494,69 1.482273,72 2.004472,78 1.413648,92 1.501352,95 2.633239,105 0.818276,109 1.536058,115 3.214481,131 1.902676,159 5.853558,162 3.719452,178 2.156924,181 1.258976,190 2.40356,196 3.204182,209 8.02733,222 2.775089,227 2.078519,235 2.521187,253 2.721097,296 4.472335,334 2.446323,340 3.097382,367 6.194764,412 2.866464,459 9.999517,478 3.501588,524 5.806538,566 7.401988,858 3.875192,1000 crude
0 2.881582,4 2.349126,5 1.541608,11 1.917208,21 3.581437,24 2.395772,28 2.277202,30 1.611162,32 1.858121,34 1.950293,58 0.660244,65 1.935842,67 3.938055,76 2.459041,96 3.705495,102 1.632256,105 1.296937,113 1.544583,127 2.30437,133 2.156111,140 1.874495,163 5.283081,165 2.299254,185 2.801028,186 2.309523,206 3.628194,223 1.284437,251 2.832645,262 3.006843,263 2.952451,319 2.533499,641 3.419947,679 2.577758,795 3.782635,1000 crude
0 2.482059,4 1.861639,42 2.12449,48 2.448107,65 1.22138,76 4.918082,88 4.772022,105 2.115213,133 1.360355,426 2.902018,482 3.370416,595 3.875192,763 6.627437,1000 crude
0 1.24103,4 1.861639,12 4.312285,15 0.586686,24 1.026151,30 2.553632,45 2.165276,58 0.660244,105 1.636552,107 1.422223,133 1.360355,163 2.64154,165 2.299254,184 1.891266,346 2.44005,576 3.5619,1000 crude
0 2.482059,5 2.258416,15 1.94893,24 1.817563,27 3.322459,28 2.873509,37 2.577845,53 2.190951,58 1.046461,63 2.400218,90 1.721483,102 2.587064,165 3.644232,1000 crude
0 5.175001,5 2.730564,11 3.834415,12 2.644065,15 2.233723,16 1.684823,22 3.215059,30 1.611162,35 0.946821,42 4.932914,45 3.431881,48 1.544583,55 2.49866,58 2.092922,63 1.514369,65 3.66414,68 1.400981,76 3.897488,78 1.413648,81 1.88283,86 1.439698,90 2.728486,97 3.492562,102 1.632256,105 2.454828,113 1.544583,115 1.145021,127 4.60874,133 1.360355,136 2.702612,140 2.971004,151 3.589093,163 4.186742,165 4.598509,169 4.693425,174 1.950293,178 2.156924,181 1.99543,184 2.997585,187 3.566283,202 2.593162,208 2.553632,214 2.173729,218 1.86626,222 6.057072,235 5.284165,244 1.728158,259 1.935058,268 6.213112,270 3.193411,303 5.243535,310 3.857534,312 2.616929,350 2.52639,595 8.997917,737 3.5619,744 3.021135,798 5.250072,1000 crude
0 3.484011,4 1.861639,5 0.972647,12 2.644065,15 0.586686,24 1.294858,45 3.431881,58 1.320487,59 1.636161,65 1.22138,90 3.442965,92 3.002703,102 1.632256,105 1.636552,163 6.133467,165 3.644232,168 6.213435,184 4.391383,188 1.750887,207 1.46984,218 1.86626,222 4.91536,223 2.568874,235 3.693473,303 3.215059,328 3.16506,333 3.147511,395 4.03839,517 5.074336,723 5.387102,775 4.525078,1000 crude
0 2.482059,4 1.174563,15 0.586686,22 4.709976,48 1.544583,76 2.459041,88 2.386011,115 1.145021,119 2.217613,133 2.156111,169 2.346713,453 5.341982,598 3.875192,763 4.181447,1000 crude
0 2.482059,4 1.174563,15 1.516562,16 1.684823,21 3.581437,42 2.12449,45 2.165276,48 1.544583,57 1.454605,79 3.024825,134 2.855007,165 2.299254,168 2.071145,328 5.016501,411 4.358302,595 3.875192,1000 crude
15 1.362244,45 2.165276,48 1.544583,57 1.454605,163 2.64154,328 3.16506,350 2.52639,572 3.663518,734 3.050635,1000 crude
0 2.881582,5 0.972647,21 2.259635,48 1.544583,70 1.490159,72 2.529362,79 1.908452,86 1.439698,105 0.818276,112 1.806175,127 2.30437,130 1.998115,163 4.186742,222 2.775089,228 2.711793,244 1.728158,334 2.446323,339 6.698379,424 7.925159,447 6.430785,452 5.46195,986 2.866464,1000 crude
0 1.24103,3 1.377668,15 0.586686,24 0.647429,34 1.950293,42 4.932914,101 1.66413,140 1.874495,154 1.852748,188 1.750887,192 2.585417,200 1.699684,235 2.521187,272 3.963609,290 5.010979,311 4.988687,504 5.104437,844 4.942947,1000 crude
0 1.966986,4 1.861639,21 4.51927,22 3.215059,24 0.647429,42 3.367238,48 1.544583,79 1.908452,86 1.439698,105 0.818276,194 4.70045,214 2.173729,239 4.525078,261 4.70045,270 2.014818,274 2.250074,298 2.325218,545 5.995335,863 2.866464,1000 crude
0 1.966986,4 1.174563,21 2.259635,22 3.215059,27 2.86181,40 3.949565,60 1.278568,79 1.908452,93 1.504583,194 5.931308,244 2.739066,309 4.788386,383 2.649942,404 3.302182,530 3.240068,548 3.663518,1000 crude
0 2.482059,21 2.259635,22 3.215059,24 1.026151,35 0.946821,40 2.491898,45 2.165276,55 6.458943,63 3.028738,65 1.935842,69 1.482273,79 1.908452,87 3.790931,88 5.540146,105 0.818276,115 1.145021,122 4.709976,242 4.909234,256 2.491898,816 3.130395,939 3.446107,1000 crude
0 2.482059,4 2.349126,15 0.586686,21 3.581437,32 1.858121,45 2.165276,48 1.544583,63 3.516256,79 3.024825,185 1.767252,261 2.965654,575 6.946585,1000 crude
0 3.208015,15 1.516562,22 4.056953,28 2.277202,42 2.12449,65 1.22138,76 9.607205,77 2.226734,88 9.08439,105 3.344673,110 2.570182,122 2.028476,154 1.852748,181 2.517953,240 2.810982,242 3.097382,261 2.965654,311 6.295022,349 6.194764,355 2.810982,363 2.391811,433 2.843736,453 5.341982,458 3.050635,472 9.151906,478 3.501588,482 5.341982,504 3.220541,556 8.506425,573 3.501588,627 3.782635,910 3.473293,1000 crude
0 5.271804,3 1.377668,4 1.174563,20 2.408056,22 4.056953,24 1.942287,27 1.430905,28 2.277202,35 1.893643,40 7.475694,45 2.165276,55 8.643945,58 1.046461,60 2.968742,61 2.40951,63 2.400218,65 3.66414,68 2.220502,69 1.482273,71 2.421565,76 4.918082,77 3.52929,81 1.88283,87 3.790931,88 2.386011,102 1.632256,104 2.675777,105 2.718254,115 1.145021,120 2.40951,122 5.694653,128 1.998115,130 3.996229,133 4.081065,158 1.88004,181 3.534393,198 2.254838,208 2.553632,209 2.675777,222 4.91536,228 4.298089,235 2.521187,243 1.725926,244 1.728158,248 3.172181,256 2.491898,257 2.031933,273 2.730527,280 2.190951,293 2.264465,299 2.616929,303 2.028476,309 3.021135,317 2.519353,345 2.866464,363 3.790931,404 3.302182,444 3.280853,478 3.501588,480 3.446107,504 3.220541,547 3.280853,556 7.327035,573 3.501588,659 3.20155,799 2.821729,811 3.370416,838 3.92656,899 4.462494,920 2.939494,939 3.446107,1000 crude
0 3.208015,4 1.174563,22 3.215059,35 0.946821,48 1.544583,62 2.152786,65 2.44276,76 3.897488,105 1.296937,115 1.814816,133 2.156111,195 1.630311,208 2.553632,222 1.750887,573 3.501588,1000 crude
0 5.534287,1 1.061562,8 2.137508,15 1.859752,21 2.259635,22 2.028476,23 1.622588,24 1.026151,28 1.436755,37 4.204284,40 2.491898,42 4.248981,45 5.597156,58 1.320487,60 1.278568,63 3.914587,65 3.157222,68 2.220502,76 2.459041,79 1.908452,93 1.504583,101 1.66413,105 1.636552,115 1.145021,130 3.996229,133 3.516466,138 2.391811,140 1.874495,143 5.665824,149 2.64154,163 5.283081,164 2.082236,165 2.299254,181 1.99543,184 4.888851,197 2.485201,205 1.88283,207 1.46984,222 3.501773,231 1.691153,235 5.042375,243 2.735528,256 2.491898,270 3.193411,281 1.88004,291 5.95671,314 2.136476,328 7.349041,353 2.711793,442 2.789976,678 2.889963,864 3.92656,898 3.875192,968 3.594145,970 3.594145,972 3.82737,974 3.240068,1000 crude
0 1.966986,8 3.131393,14 1.616852,21 2.259635,32 1.858121,37 1.626439,40 3.949565,42 2.12449,45 3.431881,58 0.660244,59 1.636161,79 1.908452,164 2.082236,205 1.88283,208 1.611162,314 4.272952,752 3.097382,1000 crude
0 2.881582,15 0.586686,21 2.259635,24 0.647429,37 1.626439,45 3.431881,63 3.028738,77 2.226734,79 1.908452,101 3.32826,109 1.536058,143 2.018207,150 1.601783,163 2.64154,164 2.082236,165 2.299254,172 2.12449,184 1.891266,205 1.88283,207 1.46984,223 1.284437,231 1.691153,314 3.386234,330 2.368895,1000 crude
0 2.482059,13 1.539455,21 7.506346,22 6.085429,24 2.239737,35 0.946821,37 1.626439,42 2.12449,45 2.165276,58 0.660244,62 2.152786,65 1.935842,76 2.459041,97 1.746281,102 1.632256,113 1.544583,122 4.056953,138 2.391811,171 2.577758,181 4.355342,242 4.909234,244 3.456317,281 1.88004,569 3.875192,598 7.750384,725 3.370416,842 3.081447,949 8.423871,1000 crude
0 2.482059,22 2.028476,24 2.464992,25 1.485417,30 2.553632,40 10.945207,55 6.458943,63 2.400218,65 1.935842,69 4.924004,77 3.52929,86 2.281867,87 8.274308,102 2.587064,109 2.434594,110 4.073642,112 1.806175,113 2.448107,122 2.028476,130 6.333874,133 1.360355,150 1.601783,185 4.961303,204 2.330529,228 2.711793,235 3.181384,237 4.438529,240 5.621965,243 1.725926,256 3.949565,273 6.340088,282 2.386011,294 2.866464,309 4.788386,358 2.8004,363 2.391811,472 4.835142,475 6.013686,482 3.370416,487 3.050635,545 3.782635,556 3.663518,565 3.446107,577 8.198933,686 8.270475,714 6.756835,987 2.427672,1000 crude
0 4.293257,4 1.174563,5 2.730564,15 1.362244,19 2.835302,21 2.259635,24 1.026151,36 3.644232,40 2.491898,42 2.12449,47 2.693935,54 1.463705,55 5.80171,58 1.533038,62 3.412085,63 1.514369,65 3.157222,67 5.527759,68 1.400981,70 1.490159,72 2.529362,76 3.897488,79 1.908452,87 2.391811,91 5.216405,92 2.379586,101 2.637584,102 1.632256,105 1.899978,113 1.544583,130 3.166937,133 1.360355,151 2.264465,168 2.071145,181 1.258976,187 2.250074,189 4.726565,195 1.630311,207 2.939679,208 1.611162,210 2.555275,213 5.344377,218 1.86626,223 1.284437,231 2.680414,241 2.730527,265 4.983796,273 9.446073,276 3.097382,294 9.086475,296 2.821729,303 2.028476,312 4.147734,353 2.711793,405 2.832645,545 3.782635,676 3.501588,773 3.663518,802 3.324189,846 3.346917,919 3.021135,1000 crude
0 2.482059,15 0.586686,21 2.259635,22 2.028476,27 1.430905,45 4.330551,55 2.49866,60 1.278568,63 1.514369,72 2.004472,79 1.908452,92 2.379586,95 2.633239,101 1.66413,169 2.346713,208 1.611162,223 1.284437,230 4.438529,245 3.312142,261 2.965654,309 7.014859,355 2.810982,404 3.302182,432 3.26016,437 2.675777,440 2.914286,446 3.782635,452 3.446107,492 3.473293,545 3.782635,632 3.982041,1000 crude
0 1.966986,21 2.259635,22 4.709976,24 1.026151,40 5.786008,45 4.330551,63 1.514369,79 1.908452,101 1.66413,105 1.296937,115 1.145021,148 3.949565,154 1.852748,194 5.931308,261 10.259477,290 2.505489,292 2.585417,309 8.481399,355 4.455302,404 6.604364,412 2.866464,437 5.351554,452 3.446107,504 3.220541,530 3.240068,545 3.782635,548 7.327035,549 3.26016,588 5.995335,618 6.22345,620 11.625576,632 3.982041,900 3.531088,1000 crude
0 2.482059,15 0.586686,21 3.581437,22 5.243535,24 1.503284,25 1.485417,27 2.86181,45 3.431881,48 1.544583,55 2.49866,70 2.361846,72 1.264681,92 3.486031,105 1.296937,143 2.018207,181 1.258976,194 2.965654,202 2.593162,223 1.284437,230 2.8004,261 5.931308,267 2.001423,309 7.809521,355 2.810982,383 2.649942,404 3.302182,437 2.675777,440 2.914286,452 3.446107,487 4.835142,530 3.240068,588 3.782635,595 3.875192,618 3.92656,620 3.875192,632 3.982041,825 2.633239,1000 crude
0 3.723089,15 0.586686,21 4.51927,22 4.056953,24 1.294858,25 2.354329,27 2.267931,30 1.611162,45 5.027614,55 3.960283,63 1.514369,79 1.908452,81 1.88283,87 3.790931,92 3.002703,101 1.66413,105 0.818276,115 1.145021,131 3.01567,143 2.018207,148 2.491898,181 1.258976,202 2.593162,214 2.173729,230 5.6008,235 2.521187,261 5.931308,309 10.035994,336 2.421565,383 4.200059,404 5.233835,432 3.26016,437 2.675777,440 2.914286,487 7.083356,521 3.740613,588 3.782635,618 3.92656,632 3.982041,642 4.181447,658 4.181447,825 2.633239,1000 crude
0 1.966986,21 2.259635,24 0.647429,40 3.949565,48 1.544583,55 2.49866,61 2.40951,63 2.400218,79 1.908452,87 2.391811,105 0.818276,115 1.814816,188 1.750887,210 2.555275,214 2.173729,261 5.931308,309 4.788386,383 2.649942,404 5.233835,432 3.26016,487 3.050635,539 3.501588,620 6.142034,788 3.501588,863 2.866464,1000 crude
21 2.259635,22 3.215059,25 2.354329,27 1.430905,40 3.949565,45 2.165276,79 1.908452,92 1.501352,168 2.071145,261 2.965654,309 7.014859,317 2.519353,487 3.050635,686 3.5619,863 2.866464,908 3.021135,1000 crude
0 2.881582,15 0.586686,21 2.259635,22 3.215059,24 0.647429,27 2.267931,45 2.165276,55 2.49866,92 1.501352,101 1.66413,131 1.902676,148 2.491898,181 1.258976,202 2.593162,235 1.590692,261 2.965654,309 6.04227,383 2.649942,404 3.302182,432 3.26016,437 2.675777,440 2.914286,487 3.050635,588 3.782635,618 3.92656,642 4.181447,825 2.633239,1000 crude
0 2.881582,22 4.056953,24 1.503284,27 2.86181,42 2.12449,47 1.699684,55 2.49866,92 2.379586,105 1.899978,115 1.145021,148 2.491898,223 1.284437,261 5.931308,309 4.788386,404 5.233835,432 3.26016,437 2.675777,440 2.914286,452 3.446107,530 5.135386,588 5.995335,618 3.92656,825 2.633239,1000 crude
0 2.482059,2 1.080624,5 0.972647,15 1.173373,22 2.028476,47 3.399368,65 1.22138,68 2.220502,72 2.936499,76 5.709717,83 2.108825,92 1.501352,105 2.115213,106 3.431881,133 2.72071,168 2.071145,181 1.258976,207 2.329641,208 1.611162,213 2.067487,242 4.909234,290 2.505489,309 7.014859,390 2.789976,404 5.233835,435 2.914286,492 3.473293,620 3.875192,792 3.324189,1000 crude
0 2.482059,21 2.259635,22 4.056953,27 2.267931,40 2.491898,45 3.431881,55 2.49866,60 1.278568,72 1.264681,79 1.908452,87 2.391811,115 1.145021,130 1.998115,194 2.965654,230 2.8004,244 1.728158,261 4.70045,267 2.001423,309 6.04227,404 3.302182,412 2.866464,452 3.446107,530 5.135386,545 7.56527,620 6.142034,863 2.866464,1000 crude
0 1.966986,21 3.581437,22 2.028476,25 2.970833,35 0.946821,40 2.491898,42 2.12449,45 3.431881,55 3.960283,70 1.490159,79 1.908452,81 3.765659,87 2.391811,92 2.379586,130 3.166937,148 2.491898,181 1.258976,223 1.284437,230 2.8004,249 2.779707,261 4.70045,309 9.063406,383 2.649942,404 3.302182,437 2.675777,478 3.501588,487 3.050635,530 3.240068,588 3.782635,618 3.92656,1000 crude
0 3.723089,2 1.080624,4 1.174563,5 1.541608,15 0.586686,16 1.684823,21 3.581437,22 4.709976,24 1.503284,27 2.267931,37 1.626439,39 1.565484,40 4.983796,42 2.12449,45 3.431881,47 1.699684,54 1.463705,55 2.49866,57 1.454605,58 0.660244,60 2.026482,65 1.22138,67 1.969027,70 1.490159,72 2.004472,79 1.908452,87 2.391811,92 1.501352,93 2.384708,101 2.637584,105 2.115213,130 1.998115,143 2.018207,168 2.071145,207 1.46984,208 1.611162,218 1.86626,258 2.832645,261 8.896961,309 10.451411,317 2.519353,355 2.810982,383 4.200059,404 5.233835,407 2.866464,437 2.675777,440 2.914286,452 6.892214,487 6.101271,545 3.782635,548 3.663518,570 3.700994,588 3.782635,618 3.92656,764 3.782635,792 3.324189,825 2.633239,827 3.130395,863 2.866464,1000 crude
0 3.723089,2 1.080624,4 1.174563,5 1.541608,15 0.586686,16 1.684823,21 3.581437,22 4.709976,24 1.503284,27 2.267931,37 1.626439,39 1.565484,40 4.983796,42 2.12449,45 3.431881,47 1.699684,54 1.463705,55 2.49866,57 1.454605,58 0.660244,60 2.026482,65 1.22138,67 1.969027,70 1.490159,72 2.004472,79 1.908452,87 2.391811,92 1.501352,93 2.384708,101 2.637584,105 2.115213,130 1.998115,143 2.018207,168 2.071145,207 1.46984,208 1.611162,218 1.86626,258 2.832645,261 8.896961,309 10.451411,317 2.519353,355 2.810982,383 4.200059,404 5.233835,407 2.866464,437 2.675777,440 2.914286,452 6.892214,487 6.101271,545 3.782635,548 3.663518,570 3.700994,588 3.782635,618 3.92656,764 3.782635,792 3.324189,825 2.633239,827 3.130395,863 2.866464,1000 crude
3 2.183552,21 3.581437,22 2.028476,24 1.67358,27 1.430905,35 0.946821,40 4.983796,42 2.12449,48 1.544583,55 2.49866,58 0.660244,63 2.400218,65 1.22138,76 2.459041,79 1.908452,105 0.818276,115 1.145021,130 3.166937,185 1.767252,207 2.329641,208 2.553632,485 3.006843,521 3.740613,1000 crude
0 1.966986,21 7.506346,22 4.056953,24 2.150713,28 1.436755,32 1.858121,42 3.367238,45 3.431881,59 1.636161,62 2.152786,102 3.78998,181 1.99543,242 3.097382,311 3.147511,314 2.136476,349 3.097382,569 3.875192,1000 crude
0 4.122611,8 1.348617,15 0.586686,22 2.028476,27 1.430905,32 1.858121,37 2.577845,42 2.12449,45 4.330551,48 1.544583,60 1.278568,63 1.514369,65 1.22138,76 2.459041,81 1.88283,84 2.152786,101 1.66413,105 0.818276,109 1.536058,133 2.156111,141 2.074822,143 2.018207,150 1.601783,163 2.64154,165 2.299254,184 4.391383,222 1.750887,223 1.284437,231 1.691153,291 2.30437,328 3.16506,681 3.875192,975 3.370416,1000 crude
0 1.24103,42 2.12449,311 4.988687,383 2.649942,432 3.26016,492 3.473293,1000 crude
0 4.592356,5 1.541608,15 0.929876,21 2.259635,22 2.028476,24 0.647429,42 2.12449,45 2.165276,48 1.544583,54 2.319918,58 0.660244,65 2.835957,67 3.938055,68 1.400981,76 4.918082,81 1.88283,90 2.728486,105 1.296937,109 1.536058,133 1.360355,138 2.391811,150 1.601783,163 2.64154,165 2.299254,168 2.071145,180 2.395023,184 1.891266,207 3.412862,213 2.067487,223 1.284437,281 1.88004,291 2.30437,314 2.136476,327 2.979113,553 3.5619,649 2.693551,653 2.625036,798 2.625036,1000 crude
0 3.208015,5 1.541608,8 1.348617,15 0.586686,21 3.581437,42 3.367238,48 1.544583,54 1.463705,58 1.046461,67 3.120835,81 1.88283,133 1.360355,163 4.186742,165 2.299254,207 3.412862,270 2.014818,289 2.459041,436 3.26016,440 4.619034,574 3.740613,638 2.711793,653 2.625036,798 2.625036,919 3.021135,1000 crude
0 1.24103,143 2.018207,164 3.300265,184 4.391383,197 2.485201,259 1.935058,314 2.136476,1000 crude
0 1.966986,60 1.278568,72 1.264681,115 1.145021,178 2.156924,228 2.711793,421 2.721097,430 3.302182,572 3.663518,992 3.5619,1000 crude
0 1.24103,60 1.278568,72 1.264681,92 1.501352,107 1.422223,115 2.290042,131 1.902676,181 1.258976,228 2.711793,247 2.274228,328 3.16506,421 4.312836,572 3.663518,653 2.625036,943 2.855007,992 3.5619,1000 crude
0 2.881582,60 1.278568,72 1.264681,92 1.501352,107 1.422223,137 3.348564,158 1.88004,178 3.418644,205 1.88283,228 2.711793,247 2.274228,258 2.832645,266 3.877329,268 2.40356,281 1.88004,304 4.227187,355 2.810982,363 2.391811,421 2.721097,430 6.604364,447 2.769588,532 3.050635,572 3.663518,737 3.5619,814 3.06587,983 2.952451,1000 crude
0 2.881582,22 3.215059,35 0.946821,42 2.12449,55 3.960283,65 1.22138,70 1.490159,77 3.52929,107 1.422223,109 2.434594,115 1.145021,150 1.601783,172 2.12449,240 2.810982,244 1.728158,273 2.730527,282 3.781738,294 2.866464,336 2.421565,472 4.835142,577 3.531088,1000 crude
0 1.24103,77 4.453468,109 1.536058,110 4.073642,150 1.601783,158 2.979793,164 2.082236,205 1.88283,223 1.284437,240 2.810982,260 2.99284,271 2.600994,283 3.183065,523 3.501588,571 3.740613,607 5.645478,608 3.5619,609 3.782635,1000 crude
0 4.293257,8 3.131393,15 0.586686,21 4.51927,24 0.647429,32 3.716242,42 3.367238,45 3.431881,54 2.319918,57 1.454605,59 1.636161,63 2.400218,72 2.004472,79 3.816904,101 1.66413,109 1.536058,150 1.601783,163 2.64154,165 3.644232,184 4.888851,197 4.970402,205 1.88283,231 2.680414,235 2.521187,272 1.981805,290 2.505489,442 2.789976,980 4.355645,1000 crude
0 2.482059,15 1.516562,37 2.577845,58 1.320487,71 2.421565,143 2.018207,223 1.284437,812 3.324189,1000 crude
28 1.436755,58 1.320487,93 1.504583,109 1.536058,181 1.99543,244 1.728158,328 7.349041,424 3.06587,430 3.302182,1000 crude
0 1.24103,25 1.485417,148 2.491898,170 2.939494,177 3.710835,202 2.593162,615 3.663518,916 2.570182,1000 crude
0 3.723089,3 4.367104,4 2.349126,8 1.348617,15 1.362244,21 2.259635,22 4.056953,23 3.245176,24 2.321009,27 1.430905,28 1.436755,30 1.611162,35 0.946821,40 9.967592,45 2.165276,54 1.463705,55 4.997321,58 1.853538,60 1.278568,61 2.40951,62 2.152786,63 3.028738,65 1.935842,68 1.400981,69 2.349347,70 3.852004,79 1.908452,81 3.765659,93 3.493534,97 1.746281,102 3.264511,106 2.165276,109 1.536058,113 2.448107,130 1.998115,140 1.874495,150 1.601783,165 2.299254,183 2.952451,207 1.46984,228 2.711793,248 5.618706,273 2.730527,336 2.421565,337 2.512387,412 2.866464,444 8.480882,521 3.740613,565 3.446107,1000 crude
0 2.881582,1 1.061562,16 1.684823,21 2.259635,22 5.694653,24 2.887166,25 1.485417,27 1.430905,35 0.946821,40 10.391027,45 2.165276,55 7.014627,60 1.278568,63 3.914587,65 1.935842,69 4.698694,70 2.980317,71 2.421565,79 1.908452,81 2.984214,87 2.391811,93 3.889291,97 1.746281,104 2.675777,110 4.073642,130 4.639479,165 2.299254,207 2.329641,208 1.611162,237 2.8004,240 2.810982,248 3.172181,259 1.935058,261 4.70045,273 6.340088,294 2.866464,309 3.021135,337 2.512387,358 2.8004,371 3.220541,444 5.200029,487 3.050635,495 5.645478,556 3.663518,577 3.531088,686 3.5619,916 2.570182,930 3.220541,1000 crude
0 4.122611,3 3.867602,4 2.349126,8 1.348617,15 1.362244,22 5.243535,23 3.767533,24 3.145198,27 1.430905,28 1.436755,30 1.611162,35 1.500676,40 10.585402,45 2.165276,55 4.997321,58 1.706705,60 1.278568,62 2.152786,63 3.028738,65 1.935842,68 1.400981,69 2.349347,70 3.852004,81 3.765659,87 2.391811,93 3.493534,97 1.746281,102 3.264511,106 2.165276,113 2.448107,130 3.166937,140 1.874495,165 2.299254,183 4.679523,207 1.46984,228 2.711793,248 6.00427,273 4.327784,294 2.866464,337 2.512387,412 4.543238,444 8.480882,521 3.740613,565 3.446107,1000 crude
0 2.881582,2 2.161249,24 0.647429,42 3.367238,63 2.400218,163 4.186742,165 2.299254,207 1.46984,222 1.750887,328 3.16506,350 2.52639,440 2.914286,575 3.473293,1000 crude
0 2.482059,5 1.541608,8 2.137508,9 2.284131,15 1.647037,20 3.038628,22 2.028476,25 1.485417,27 3.322459,29 3.265386,35 0.946821,37 1.626439,54 2.927411,57 2.305494,58 1.320487,65 1.935842,72 2.004472,80 2.259635,91 3.716242,92 1.501352,100 3.16506,103 3.248353,105 0.818276,115 1.145021,147 4.120458,151 2.264465,175 3.050635,185 1.767252,188 3.501773,204 2.330529,207 1.46984,208 1.611162,243 1.725926,288 2.44005,358 6.502327,359 2.821729,389 2.633239,479 3.220541,847 3.370416,950 3.700994,1000 crude
0 2.881582,4 1.174563,35 0.946821,45 2.165276,60 1.278568,63 3.516256,72 2.004472,131 1.902676,163 2.64154,222 2.775089,230 2.8004,358 2.8004,479 3.220541,692 3.394739,725 3.370416,815 3.021135,911 3.006843,1000 crude
0 2.482059,1 1.682535,2 2.161249,6 1.636161,8 2.137508,15 0.929876,23 4.194329,24 0.647429,25 1.485417,27 1.430905,33 1.680634,37 2.577845,42 2.12449,54 4.109141,55 2.49866,58 0.660244,60 2.026482,65 1.22138,72 1.264681,86 1.439698,91 4.803173,101 1.66413,105 0.818276,109 1.536058,143 2.018207,151 2.264465,190 2.40356,198 2.254838,204 2.330529,207 2.939679,210 2.555275,218 2.957951,227 2.078519,232 2.148672,235 1.590692,243 2.735528,250 2.245343,265 3.949565,290 2.505489,358 7.861716,641 3.419947,659 3.20155,761 3.782635,919 6.04227,977 3.627964,986 2.866464,1000 crude
0 1.24103,59 1.636161,70 1.490159,72 1.264681,77 5.756024,86 1.439698,89 4.73779,95 4.173585,104 6.212961,110 6.643825,202 2.593162,205 1.88283,207 1.46984,223 1.284437,228 2.711793,237 2.8004,239 2.855007,332 2.843736,469 7.003176,476 3.531088,523 8.130436,540 3.782635,560 3.700994,565 3.446107,607 7.1238,608 3.5619,615 5.806538,653 2.625036,845 3.82737,880 3.627964,930 3.220541,1000 crude
0 3.484011,4 2.349126,15 0.929876,21 5.24671,22 4.709976,24 1.294858,35 1.500676,55 2.49866,65 2.44276,69 1.482273,78 1.413648,79 1.908452,87 2.391811,104 6.916783,110 2.570182,112 5.070575,117 3.838089,122 4.709976,130 1.998115,133 4.081065,154 1.852748,165 2.299254,195 1.630311,216 5.817566,219 2.116614,257 3.220538,345 6.655723,377 2.779707,504 3.220541,687 3.183065,694 3.501588,821 4.909234,851 3.782635,970 3.594145,1000 crude
0 1.966986,35 0.946821,42 3.367238,45 2.165276,65 1.935842,92 2.379586,104 2.675777,110 2.570182,131 1.902676,207 1.46984,336 2.421565,865 3.130395,873 3.82737,1000 crude
0 1.24103,45 3.431881,78 1.413648,92 1.501352,104 2.675777,115 1.145021,131 3.01567,207 1.46984,343 3.006843,428 2.878114,1000 crude
0 3.484011,21 2.259635,24 0.647429,35 0.946821,42 2.12449,55 5.80171,58 0.660244,63 2.400218,65 2.44276,69 1.482273,70 1.490159,76 2.459041,79 1.908452,92 3.002703,104 5.351554,105 0.818276,131 1.902676,133 1.360355,150 1.601783,273 4.327784,294 2.866464,335 2.386011,472 3.050635,909 3.501588,1000 crude
0 2.881582,4 1.174563,92 3.880938,237 2.8004,472 3.050635,495 5.645478,798 2.625036,1000 crude
0 3.484011,1 1.061562,25 1.485417,58 0.660244,77 5.170316,89 2.368895,93 1.504583,104 7.511855,110 5.967778,115 2.658657,219 2.116614,237 4.438529,239 6.62912,244 3.456317,254 3.99308,359 2.821729,371 3.220541,385 2.711793,399 5.268714,424 3.06587,432 3.26016,452 3.446107,483 3.501588,495 9.999517,539 3.501588,841 3.594145,965 5.233835,1000 crude
0 2.482059,77 2.226734,104 4.241006,110 4.073642,115 1.814816,231 1.691153,237 4.438529,243 1.725926,332 2.843736,371 5.104437,424 3.06587,432 3.26016,495 5.645478,522 3.627964,1000 crude
0 1.24103,25 1.485417,77 3.52929,89 2.368895,104 4.241006,110 2.570182,115 1.145021,223 1.284437,237 2.8004,239 4.525078,244 1.728158,266 2.446323,332 2.843736,355 2.810982,371 3.220541,396 3.324189,399 3.324189,439 3.419947,495 5.645478,1000 crude
0 1.966986,77 3.52929,104 4.241006,110 2.570182,115 1.145021,170 2.939494,237 4.438529,254 2.519353,332 2.843736,495 3.5619,837 3.16506,1000 crude
0 2.881582,24 0.647429,40 2.491898,208 1.611162,237 4.438529,261 4.70045,355 2.810982,915 3.594145,1000 crude
0 2.881582,4 1.174563,92 3.486031,235 2.521187,237 2.8004,282 3.781738,350 2.52639,412 4.543238,495 5.645478,1000 crude
0 1.24103,22 2.028476,24 2.589716,28 1.436755,69 1.482273,77 4.453468,93 2.384708,102 2.587064,219 2.116614,317 2.519353,327 8.363429,345 2.866464,480 3.446107,1000 crude
0 1.966986,4 1.174563,24 0.647429,37 1.626439,45 2.165276,60 1.278568,70 1.490159,92 1.501352,107 1.422223,165 2.299254,202 5.186323,350 2.52639,675 3.324189,1000 crude
0 1.24103,72 1.264681,77 4.453468,95 5.266478,104 4.241006,110 2.570182,158 1.88004,177 4.682552,196 2.021613,200 1.699684,237 2.8004,240 7.891425,254 3.99308,260 4.743538,283 3.183065,371 5.104437,396 3.324189,399 3.324189,410 5.104437,464 5.420488,483 5.549886,571 3.740613,678 2.889963,1000 crude
0 2.881582,21 2.259635,22 3.215059,40 3.949565,55 5.80171,60 1.278568,65 1.935842,87 2.391811,92 1.501352,102 1.632256,122 2.028476,180 2.395023,181 1.258976,207 1.46984,240 4.455302,545 5.995335,1000 crude
0 2.881582,60 1.278568,70 2.361846,77 5.170316,89 2.368895,95 2.633239,109 3.072115,110 5.140364,150 3.203565,158 1.88004,164 2.082236,177 3.710835,196 2.021613,200 1.699684,237 2.8004,240 5.621965,260 4.743538,281 2.979793,283 7.390847,314 3.386234,317 2.519353,339 3.781738,360 3.346917,469 3.501588,523 5.549886,560 3.700994,571 3.740613,678 2.889963,979 3.446107,1000 crude
0 3.484011,15 0.586686,21 2.259635,24 0.647429,40 2.491898,55 5.80171,58 1.046461,63 2.400218,65 1.935842,69 1.482273,71 4.843129,76 2.459041,79 1.908452,86 1.439698,87 4.783623,92 1.501352,105 0.818276,109 1.536058,150 1.601783,208 1.611162,223 1.284437,235 1.590692,237 2.8004,240 2.810982,256 4.983796,260 2.99284,309 3.021135,404 3.302182,472 3.050635,545 3.782635,1000 crude
0 3.723089,4 1.174563,21 2.259635,22 3.215059,24 1.503284,30 2.553632,40 7.475694,45 2.165276,55 7.920566,58 0.660244,60 2.557135,63 1.514369,65 3.157222,70 1.490159,76 4.918082,77 2.226734,87 5.553614,92 3.002703,105 1.296937,115 1.145021,122 2.028476,131 1.902676,133 2.156111,150 1.601783,180 3.022183,181 1.258976,195 2.583982,204 2.330529,207 1.46984,222 1.750887,235 1.590692,240 9.724402,256 3.949565,272 3.141086,309 4.788386,326 3.183065,330 2.368895,472 3.050635,475 3.006843,481 2.979113,504 3.220541,545 5.995335,577 5.596642,652 3.26016,687 3.183065,745 3.875192,816 6.26079,840 3.147511,912 3.220541,930 3.220541,988 3.740613,1000 crude
0 2.482059,8 1.348617,21 2.259635,24 1.294858,40 4.983796,42 2.12449,55 5.80171,65 1.22138,68 1.400981,79 1.908452,87 2.391811,92 1.501352,130 3.166937,149 2.64154,240 2.810982,256 2.491898,260 4.743538,475 4.765733,545 3.782635,1000 crude
0 3.208015,27 1.430905,42 3.367238,45 4.330551,69 1.482273,72 1.264681,86 2.281867,92 2.379586,109 1.536058,128 1.998115,131 1.902676,143 2.018207,150 1.601783,180 2.395023,184 4.391383,194 2.965654,225 2.363283,230 4.438529,256 2.491898,279 2.54794,281 1.88004,282 2.386011,309 3.021135,442 2.789976,487 7.083356,755 3.346917,762 4.58887,914 3.501588,928 2.889963,1000 crude
0 3.723089,12 1.668219,15 1.173373,24 0.647429,39 1.565484,42 2.12449,51 1.994822,58 1.320487,96 1.852748,115 2.290042,133 1.360355,184 4.888851,187 2.250074,188 1.750887,192 4.097789,193 1.755523,213 3.27689,222 3.501773,227 2.078519,228 6.296587,235 4.111879,296 2.821729,351 2.952451,363 5.553614,421 2.721097,424 6.13174,430 3.302182,440 8.181435,442 2.789976,456 3.021135,516 6.441082,673 2.914286,775 2.855007,804 3.627964,847 3.370416,917 6.22345,923 4.108417,964 3.594145,1000 crude
0 3.208015,15 1.173373,21 7.162874,22 5.694653,24 1.942287,28 1.436755,39 1.565484,40 2.491898,42 4.932914,48 1.544583,58 1.046461,79 4.431288,119 2.217613,138 2.391811,151 2.264465,154 1.852748,180 1.511092,181 1.99543,208 1.611162,222 1.750887,235 2.521187,242 6.194764,248 3.172181,268 2.40356,270 2.014818,281 1.88004,290 7.033798,478 7.003176,504 8.324978,569 6.142034,598 7.750384,734 3.050635,888 5.233835,926 3.982041,949 5.750187,987 2.427672,1000 crude
0 2.881582,42 2.12449,48 3.089167,59 1.636161,63 1.514369,67 1.969027,72 2.004472,107 2.844445,158 1.88004,163 7.415741,222 1.750887,267 2.001423,274 2.250074,332 2.843736,334 2.446323,355 2.810982,447 2.769588,452 3.446107,572 3.663518,575 5.505038,1000 crude
0 2.482059,1 1.061562,4 1.174563,15 1.173373,21 2.259635,22 4.709976,40 4.983796,55 2.49866,58 0.660244,63 3.516256,65 2.835957,68 1.400981,69 1.482273,79 1.908452,122 2.028476,130 4.639479,135 2.161087,140 1.874495,188 1.750887,208 3.222325,245 2.089729,313 3.324189,344 9.151906,345 4.543238,370 3.26016,479 3.220541,482 3.370416,659 3.20155,788 3.501588,1000 crude
0 1.24103,4 1.174563,22 4.056953,42 2.12449,76 2.459041,105 1.296937,115 1.145021,133 2.156111,453 3.370416,482 3.370416,573 3.501588,1000 crude
0 3.208015,22 5.243535,24 1.817563,25 2.354329,27 1.430905,40 9.735573,51 1.994822,54 1.463705,55 5.80171,63 2.400218,65 2.835957,70 2.361846,87 3.790931,92 1.501352,113 1.544583,130 3.996229,133 1.360355,154 1.852748,181 2.517953,204 2.330529,223 1.284437,237 4.438529,240 2.810982,256 2.491898,261 5.931308,272 1.981805,273 7.058311,293 2.264465,294 4.543238,309 6.04227,349 3.097382,475 3.006843,495 5.645478,545 3.782635,565 3.446107,723 2.693551,1000 crude
0 1.966986,4 1.174563,5 0.972647,15 0.586686,22 4.056953,24 1.503284,27 2.267931,40 2.491898,68 1.400981,69 1.482273,76 2.459041,93 1.504583,105 1.636552,133 1.360355,154 1.852748,185 1.767252,248 4.647161,570 3.700994,679 2.577758,888 5.233835,1000 crude
0 2.482059,4 1.861639,5 3.083217,15 0.929876,21 4.51927,22 3.215059,24 1.294858,27 1.430905,28 1.436755,40 4.983796,58 1.046461,63 2.400218,65 1.22138,67 3.120835,79 3.024825,105 1.296937,130 3.166937,165 2.299254,243 1.725926,424 3.06587,440 2.914286,570 3.700994,575 3.473293,863 2.866464,1000 crude
0 2.482059,22 2.028476,24 0.647429,48 1.544583,72 1.264681,105 0.818276,154 1.852748,163 2.64154,218 1.86626,257 2.031933,339 5.540146,679 2.577758,744 3.021135,1000 crude
0 2.881582,22 2.028476,24 0.647429,48 1.544583,72 1.264681,105 0.818276,154 1.852748,163 2.64154,218 1.86626,257 2.031933,339 5.540146,679 2.577758,744 3.021135,1000 crude
0 1.966986,4 3.297416,15 0.586686,22 4.709976,40 6.995642,122 3.215059,154 2.936535,195 1.630311,235 2.521187,268 2.40356,274 2.250074,290 7.516468,311 9.442533,478 5.549886,504 3.220541,821 3.097382,1000 crude
0 3.933971,4 1.174563,21 2.259635,22 6.738453,24 0.647429,35 0.946821,40 4.983796,43 1.88563,55 8.957604,58 0.660244,63 1.514369,65 4.057337,70 1.490159,71 2.421565,76 2.459041,79 1.908452,81 1.88283,86 1.439698,92 1.501352,104 6.212961,105 2.297192,107 2.25417,110 2.570182,112 5.070575,113 1.544583,122 3.215059,130 1.998115,133 3.818999,149 4.186742,154 1.852748,158 1.88004,195 1.630311,200 1.699684,222 2.775089,223 1.284437,228 2.711793,235 1.590692,237 2.8004,248 4.002847,249 2.779707,267 2.001423,285 1.944158,293 2.264465,345 8.047181,349 3.097382,363 2.391811,370 3.26016,411 2.749783,475 3.006843,480 3.446107,482 3.370416,577 5.596642,686 3.5619,816 3.130395,906 4.263088,912 3.220541,972 6.066238,987 2.427672,1000 crude
0 1.24103,70 2.980317,115 1.145021,163 2.64154,180 3.022183,304 4.227187,319 2.533499,360 3.346917,905 6.142034,940 4.263088,983 2.952451,1000 crude
0 1.966986,70 1.490159,92 1.501352,115 1.814816,142 2.64154,163 2.64154,180 1.511092,205 1.88283,228 4.298089,247 2.274228,256 2.491898,258 2.832645,279 2.54794,298 2.325218,332 4.507214,360 5.304738,430 3.302182,572 3.663518,653 2.625036,905 3.875192,1000 crude
0 3.208015,5 0.972647,21 2.259635,22 2.028476,24 1.026151,30 2.553632,32 1.858121,35 1.893643,43 3.771261,45 5.597156,48 1.544583,53 2.190951,54 1.463705,58 1.533038,63 1.514369,65 3.66414,67 1.969027,76 2.459041,79 1.908452,91 1.858121,93 1.504583,105 1.899978,113 1.544583,133 1.360355,165 8.508252,207 1.46984,235 1.590692,248 2.001423,265 2.491898,269 4.164471,270 2.014818,281 2.979793,299 4.147734,307 2.855007,328 6.33012,337 3.982038,345 2.866464,350 4.004233,363 2.391811,544 3.782635,574 3.740613,575 3.473293,855 3.875192,1000 crude
0 1.24103,4 1.861639,12 1.668219,15 1.647037,23 2.571741,24 2.395772,30 1.611162,41 7.506346,58 2.193281,65 1.22138,74 2.570182,81 2.984214,91 1.858121,97 2.76779,105 2.933489,141 3.288515,143 2.018207,158 1.88004,165 2.299254,180 1.511092,223 1.284437,245 2.089729,274 2.250074,303 2.028476,346 2.44005,353 2.711793,421 2.721097,426 4.599589,481 2.979113,916 2.570182,1000 crude
0 3.208015,35 2.447497,45 5.597156,55 3.960283,58 0.660244,76 3.897488,78 1.413648,79 1.908452,86 2.281867,92 3.486031,105 1.636552,109 1.536058,115 1.814816,128 1.998115,133 3.158646,180 3.022183,181 1.258976,184 1.891266,194 4.70045,205 1.88283,223 1.284437,225 3.745714,230 2.8004,279 2.54794,281 1.88004,282 3.781738,289 2.459041,291 2.30437,309 4.788386,442 2.789976,485 3.006843,487 7.083356,521 3.740613,632 3.982041,638 4.298089,762 4.58887,1000 crude
3 1.377668,14 1.616852,24 1.026151,35 0.946821,48 1.544583,58 0.660244,63 2.400218,97 1.746281,119 2.217613,148 4.983796,152 2.254838,218 1.86626,235 1.590692,290 2.505489,311 8.136198,478 7.003176,506 3.183065,797 3.006843,816 3.130395,840 3.147511,1000 crude
0 2.881582,2 1.080624,4 2.727251,12 1.668219,15 1.362244,30 2.553632,42 3.367238,60 1.278568,86 1.439698,163 4.186742,188 1.750887,207 1.46984,222 1.750887,280 2.190951,328 3.16506,355 2.810982,386 3.16506,424 3.06587,734 3.050635,764 3.782635,797 3.006843,1000 crude
0 2.881582,4 1.861639,12 2.644065,30 2.553632,34 1.950293,39 1.565484,42 4.932914,45 2.165276,48 3.586412,72 1.264681,86 1.439698,101 1.66413,107 1.422223,119 4.435227,163 6.133467,165 2.299254,222 4.065433,228 4.298089,235 1.590692,274 2.250074,293 2.264465,424 3.06587,447 6.430785,455 5.045038,566 3.700994,596 3.446107,733 2.702612,734 3.050635,819 4.108417,842 3.081447,1000 crude
0 1.24103,35 0.946821,45 3.431881,57 1.454605,69 1.482273,78 2.827295,122 3.215059,157 2.465489,195 1.630311,198 2.254838,388 3.050635,787 4.58887,1000 crude
0 2.482059,35 1.500676,45 5.027614,57 1.454605,65 2.44276,69 1.482273,72 1.264681,78 3.96861,79 1.908452,122 4.056953,157 2.465489,168 2.071145,195 1.630311,198 2.254838,205 1.88283,207 1.46984,235 1.590692,250 2.245343,303 2.028476,350 2.52639,388 7.083356,675 3.324189,696 4.181447,1000 crude
0 3.208015,21 3.581437,22 3.215059,24 0.647429,40 4.983796,42 3.367238,45 3.431881,63 2.400218,65 1.22138,67 1.969027,79 1.908452,101 1.66413,163 4.186742,168 2.071145,184 1.891266,223 1.284437,225 2.363283,256 2.491898,270 2.014818,575 3.473293,603 3.594145,679 2.577758,720 6.066238,753 16.55967,920 4.658988,1000 crude
0 3.723089,8 1.348617,13 1.539455,15 1.362244,22 2.028476,37 2.577845,42 2.12449,48 3.089167,51 1.994822,58 1.046461,61 2.40951,63 1.514369,65 3.428847,70 1.490159,76 5.709717,77 2.226734,79 1.908452,90 2.728486,105 2.297192,109 1.536058,133 2.156111,150 1.601783,163 5.283081,165 7.954113,180 1.511092,207 2.329641,223 1.284437,235 2.521187,250 2.245343,256 3.949565,270 2.014818,290 2.505489,307 2.855007,328 3.16506,334 2.446323,355 2.810982,424 3.06587,649 4.269177,679 2.577758,689 4.942947,800 4.263088,1000 crude
0 2.881582,4 1.174563,5 1.945293,58 1.533038,65 1.22138,72 2.529362,102 1.632256,105 1.636552,163 4.186742,207 1.46984,222 3.501773,358 2.8004,572 3.663518,575 5.505038,1000 crude
0 4.848567,1 1.682535,15 0.586686,22 3.215059,23 1.622588,24 1.026151,28 1.436755,35 2.198451,40 3.949565,42 2.12449,52 1.485417,55 8.643945,63 3.028738,65 3.428847,68 2.220502,71 2.421565,76 2.459041,77 2.226734,87 3.790931,92 1.501352,104 2.675777,105 2.115213,112 4.193809,115 2.959837,122 3.215059,128 3.996229,170 2.939494,172 3.367238,180 3.508646,181 1.258976,195 1.630311,199 2.357715,200 1.699684,202 4.110064,208 1.611162,216 5.010979,228 4.298089,235 1.590692,244 1.728158,256 2.491898,273 8.191582,275 2.433833,282 3.781738,294 8.599392,299 2.616929,317 2.519353,319 2.533499,336 3.838089,363 3.790931,370 5.167232,444 3.280853,479 3.220541,480 3.446107,577 3.531088,686 3.5619,752 3.097382,786 3.663518,805 3.594145,811 3.370416,919 3.021135,925 3.302182,939 8.001612,1000 crude
0 2.482059,35 1.500676,42 4.248981,45 3.431881,65 1.935842,78 1.413648,86 1.439698,122 2.028476,154 1.852748,158 1.88004,198 2.254838,222 1.750887,267 2.001423,270 2.014818,345 2.866464,687 3.183065,1000 crude
0 1.966986,5 0.972647,8 1.348617,15 1.362244,45 3.431881,58 0.660244,90 1.721483,105 0.818276,184 5.309454,205 1.88283,218 2.957951,222 1.750887,226 2.386011,231 1.691153,235 1.590692,272 1.981805,442 2.789976,1000 crude
21 2.259635,24 1.026151,35 0.946821,45 3.431881,55 7.014627,63 3.028738,65 1.22138,76 3.897488,92 1.501352,105 1.296937,133 2.72071,180 3.022183,181 1.258976,223 1.284437,272 3.141086,326 3.183065,475 3.006843,479 3.220541,600 3.740613,1000 crude
0 4.592356,24 1.503284,35 2.198451,40 5.786008,42 2.12449,45 3.431881,55 9.994642,61 3.818982,63 4.251371,65 3.157222,71 2.421565,81 1.88283,87 2.391811,107 2.25417,130 3.166937,133 1.360355,180 3.022183,195 1.630311,199 2.357715,207 1.46984,222 1.750887,231 1.691153,235 2.521187,248 2.001423,279 2.54794,307 2.855007,326 3.183065,480 3.446107,737 3.5619,744 3.021135,792 3.324189,816 4.961559,958 4.58887,1000 crude
0 2.482059,15 0.929876,22 2.028476,24 2.052302,35 2.198451,40 8.62055,51 3.989644,55 10.614128,58 0.660244,63 1.514369,65 3.157222,69 4.698694,71 3.838089,76 2.459041,86 2.281867,87 4.783623,92 1.501352,105 0.818276,109 1.536058,110 2.570182,115 1.814816,130 5.994344,133 1.360355,150 1.601783,154 1.852748,178 4.313849,180 3.022183,181 1.258976,185 3.534503,199 2.357715,208 1.611162,219 2.116614,223 1.284437,228 2.711793,235 2.521187,237 2.8004,240 2.810982,256 2.491898,267 3.172181,272 1.981805,273 4.327784,285 3.081418,294 4.543238,326 3.183065,358 2.8004,363 2.391811,390 2.789976,407 2.866464,475 4.765733,482 6.740831,487 4.835142,519 3.26016,556 5.806538,573 3.501588,577 5.596642,600 3.740613,657 4.355645,686 8.270475,687 3.183065,692 3.394739,840 3.147511,867 2.939494,870 3.130395,987 2.427672,1000 crude
0 3.484011,21 2.259635,22 4.056953,24 1.026151,35 1.500676,40 6.441463,51 1.994822,55 10.419226,58 1.046461,63 2.400218,65 4.057337,67 1.969027,69 3.441731,70 2.361846,71 2.421565,72 1.264681,76 2.459041,79 1.908452,86 2.281867,87 3.790931,92 1.501352,102 1.632256,105 1.899978,107 3.676392,130 5.165052,133 3.158646,149 2.64154,150 1.601783,154 1.852748,178 2.156924,180 2.395023,185 1.767252,207 1.46984,223 1.284437,232 2.148672,237 2.8004,251 4.489636,256 2.491898,267 2.001423,272 3.141086,281 1.88004,309 4.788386,326 5.045038,334 2.446323,349 3.097382,378 2.914286,404 3.302182,472 3.050635,475 4.765733,521 3.740613,556 3.663518,686 5.645478,773 3.663518,848 3.782635,912 3.220541,987 2.427672,988 3.740613,1000 crude
0 1.966986,22 3.215059,24 0.647429,27 1.430905,28 1.436755,35 1.500676,40 2.491898,55 8.643945,58 1.046461,61 2.40951,65 1.935842,69 2.349347,70 4.183404,71 2.421565,76 3.897488,102 1.632256,105 1.296937,109 1.536058,130 3.996229,133 4.312223,150 1.601783,154 1.852748,180 2.395023,195 1.630311,199 2.357715,235 1.590692,240 2.810982,267 3.172181,271 2.600994,272 1.981805,273 2.730527,279 5.916134,294 2.866464,345 2.866464,472 3.050635,475 3.006843,577 3.531088,600 3.740613,652 3.26016,686 3.5619,714 4.263088,867 2.939494,920 2.939494,1000 crude
0 1.966986,22 3.215059,35 0.946821,45 3.431881,55 5.80171,63 1.514369,65 3.157222,70 1.490159,76 2.459041,77 2.226734,81 1.88283,92 1.501352,105 0.818276,107 1.422223,130 1.998115,133 2.156111,172 2.12449,180 2.395023,208 1.611162,227 2.078519,230 2.8004,248 3.172181,272 1.981805,326 3.183065,336 3.838089,345 4.543238,437 2.675777,479 3.220541,577 3.531088,852 3.419947,889 6.511687,930 3.220541,1000 crude
0 1.24103,1 1.061562,35 1.500676,45 2.165276,55 4.997321,60 1.278568,61 2.40951,65 1.22138,69 1.482273,70 1.490159,76 2.459041,105 1.296937,130 1.998115,133 2.156111,200 1.699684,205 1.88283,207 2.939679,289 3.897488,336 2.421565,475 3.006843,752 4.909234,964 3.594145,986 2.866464,988 3.740613,1000 crude
0 1.966986,21 3.581437,24 1.026151,35 2.198451,45 2.165276,55 7.495981,63 1.514369,65 1.935842,79 3.024825,92 1.501352,97 2.76779,105 0.818276,107 1.422223,130 3.166937,133 3.516466,180 2.395023,223 1.284437,243 1.725926,345 5.732928,377 2.779707,475 4.765733,478 3.501588,479 3.220541,643 3.627964,649 2.693551,687 3.183065,909 3.501588,1000 crude
0 2.881582,5 0.972647,15 0.929876,21 3.581437,24 1.503284,67 3.938055,105 1.636552,165 5.943486,169 2.346713,244 1.728158,350 2.52639,1000 crude
0 1.24103,4 1.861639,12 1.668219,24 0.647429,48 1.544583,63 1.514369,97 1.746281,105 0.818276,138 2.391811,158 2.979793,161 2.008088,245 2.089729,346 2.44005,1000 crude
0 1.24103,4 1.174563,24 1.026151,42 3.367238,57 2.305494,105 0.818276,163 2.64154,165 2.299254,228 2.711793,274 2.250074,303 2.028476,363 2.391811,437 4.241006,575 3.473293,759 3.982041,1000 crude
0 1.966986,15 0.586686,42 2.12449,48 1.544583,60 2.557135,72 1.264681,92 2.379586,95 2.633239,115 1.814816,142 2.64154,170 2.939494,180 1.511092,205 1.88283,223 3.320221,228 4.298089,239 4.525078,247 3.604567,254 6.512433,256 2.491898,258 2.832645,266 2.446323,281 1.88004,298 2.325218,304 2.667058,332 6.60295,334 2.446323,355 2.810982,360 5.304738,421 2.721097,430 6.604364,439 6.839894,476 5.596642,483 3.501588,572 3.663518,678 2.889963,904 8.71129,912 3.220541,1000 crude
0 1.24103,15 0.929876,24 0.647429,42 4.248981,45 2.165276,92 1.501352,163 4.186742,165 2.299254,166 5.334116,222 1.750887,223 1.284437,231 1.691153,350 2.52639,720 7.65474,1000 crude
0 2.482059,2 1.712749,5 0.972647,15 0.586686,24 1.294858,25 1.485417,27 2.267931,35 0.946821,47 3.399368,57 1.454605,58 0.660244,60 1.278568,72 1.264681,93 2.384708,105 1.636552,133 1.360355,151 2.264465,261 2.965654,265 4.983796,281 1.88004,309 7.809521,404 3.302182,825 2.633239,1000 crude
0 1.966986,4 3.036202,21 2.259635,22 2.028476,24 1.294858,40 2.491898,42 2.12449,45 2.165276,47 1.699684,48 1.544583,57 2.305494,79 1.908452,81 1.88283,86 1.439698,92 1.501352,105 1.296937,109 1.536058,112 1.806175,188 1.750887,193 1.755523,196 4.043227,242 3.097382,281 1.88004,285 1.944158,302 2.939494,303 2.028476,311 4.988687,317 2.519353,349 3.097382,363 2.391811,426 2.902018,437 5.351554,481 2.979113,487 3.050635,504 3.220541,570 3.700994,1000 crude
0 1.24103,4 1.174563,21 2.259635,22 2.028476,52 1.485417,69 1.482273,76 2.459041,79 1.908452,88 3.781738,93 2.384708,105 1.296937,200 1.699684,570 3.700994,1000 crude
0 3.208015,2 1.080624,22 3.215059,24 1.026151,35 0.946821,42 3.367238,43 1.88563,52 3.44903,62 2.152786,72 1.264681,77 3.52929,81 1.88283,101 1.66413,105 0.818276,148 2.491898,154 1.852748,165 2.299254,188 1.750887,223 1.284437,261 5.931308,267 2.001423,285 1.944158,311 3.147511,355 5.621965,356 2.616929,437 6.212961,481 2.979113,549 3.26016,570 3.700994,1000 crude
0 1.966986,4 3.036202,5 1.541608,15 1.173373,16 1.684823,21 6.343598,22 3.215059,24 2.150713,30 1.611162,58 2.092922,63 3.914587,67 3.120835,69 1.482273,72 1.264681,77 2.226734,79 4.933277,85 2.284131,101 1.66413,102 2.587064,105 2.593874,133 2.156111,158 2.979793,163 2.64154,165 5.338703,168 2.071145,187 2.250074,193 1.755523,232 2.148672,268 2.40356,295 2.965654,327 2.979113,329 3.419947,355 2.810982,424 3.06587,438 3.370416,572 3.663518,595 7.750384,679 2.577758,687 3.183065,898 3.875192,1000 crude
0 3.484011,4 3.901814,15 0.929876,21 5.24671,24 1.942287,40 3.949565,45 2.165276,48 1.544583,57 2.305494,63 4.800436,67 3.938055,77 2.226734,105 0.818276,127 3.65234,163 2.64154,213 2.067487,290 2.505489,328 3.16506,350 5.05278,424 3.06587,572 3.663518,575 5.505038,676 3.501588,752 3.097382,766 7.56527,842 4.883978,987 2.427672,1000 crude
0 2.482059,4 1.861639,89 2.368895,92 1.501352,107 1.422223,159 3.589093,180 1.511092,196 2.021613,209 5.351554,222 1.750887,235 2.521187,292 2.585417,296 2.821729,459 7.1238,478 3.501588,566 9.566931,858 6.142034,1000 crude
0 2.881582,1 1.061562,2 2.161249,4 1.174563,21 2.259635,22 2.028476,24 1.026151,25 1.485417,40 5.786008,47 2.693935,57 1.454605,60 1.278568,62 2.152786,69 1.482273,117 4.843129,159 7.178186,223 1.284437,237 2.8004,244 1.728158,273 5.461055,285 3.081418,293 2.264465,294 4.543238,297 2.939494,339 2.386011,566 8.593442,974 3.240068,989 3.627964,1000 crude
0 1.24103,4 1.861639,15 0.586686,21 3.581437,24 1.67358,25 1.485417,105 0.818276,109 1.536058,150 1.601783,159 3.589093,245 2.089729,281 1.88004,566 3.700994,974 3.240068,1000 crude
0 2.482059,115 1.145021,148 3.949565,258 5.66529,311 3.147511,355 2.810982,399 3.324189,851 3.782635,930 3.220541,1000 crude
0 4.122611,65 2.44276,68 1.400981,76 2.459041,101 1.66413,105 2.297192,133 1.360355,143 2.018207,235 2.521187,244 1.728158,268 4.80712,297 2.939494,405 2.832645,669 4.263088,752 3.097382,987 2.427672,1000 crude
0 2.881582,4 1.861639,21 2.259635,22 3.215059,40 2.491898,79 1.908452,115 1.145021,154 1.852748,311 6.295022,949 3.627964,1000 crude
0 2.881582,22 2.028476,32 1.858121,37 1.626439,42 2.12449,45 2.165276,59 1.636161,63 2.400218,72 2.004472,84 2.152786,101 1.66413,109 1.536058,150 1.601783,164 4.834802,165 2.299254,181 1.258976,184 1.891266,291 2.30437,314 4.272952,1000 crude
0 1.966986,15 2.29212,21 2.259635,22 5.243535,24 3.145198,28 2.277202,36 3.644232,37 2.577845,40 9.48754,42 3.367238,45 3.431881,58 2.092922,59 1.636161,63 1.514369,79 1.908452,101 2.637584,102 1.632256,130 1.998115,154 2.936535,242 4.909234,311 4.988687,314 2.136476,569 6.142034,888 3.302182,949 5.750187,1000 crude
0 1.966986,15 1.760059,21 2.259635,22 4.056953,24 2.529434,28 1.436755,36 2.299254,37 1.626439,40 7.475694,42 3.367238,45 3.431881,58 1.706705,59 1.636161,63 1.514369,69 1.482273,79 1.908452,81 1.88283,93 1.504583,101 1.66413,154 1.852748,185 1.767252,242 3.097382,311 3.147511,314 2.136476,337 2.512387,569 3.875192,949 3.627964,1000 crude
0 1.966986,15 1.760059,21 2.259635,22 4.056953,24 2.529434,28 1.436755,36 2.299254,37 1.626439,40 7.475694,42 3.367238,45 3.431881,58 1.706705,59 1.636161,63 1.514369,79 1.908452,81 1.88283,93 1.504583,101 1.66413,154 1.852748,185 1.767252,242 3.097382,311 3.147511,314 2.136476,337 2.512387,569 3.875192,949 3.627964,1000 crude
0 1.966986,37 1.626439,143 2.018207,197 2.485201,1000 crude
0 2.881582,2 1.080624,4 1.861639,21 2.259635,22 2.028476,24 1.026151,40 2.491898,47 1.699684,60 1.278568,69 1.482273,81 1.88283,117 2.421565,159 4.528931,245 2.089729,273 2.730527,293 2.264465,294 2.866464,566 5.865937,708 4.108417,934 4.181447,1000 crude
0 3.208015,15 0.586686,35 1.500676,55 3.960283,65 3.157222,76 2.459041,92 1.501352,130 1.998115,178 3.418644,199 2.357715,207 1.46984,208 1.611162,243 1.725926,273 6.340088,294 4.543238,475 3.006843,485 3.006843,565 3.446107,596 3.446107,909 3.501588,987 2.427672,1000 crude
0 4.122611,15 0.586686,21 2.259635,24 1.294858,35 3.001352,40 3.949565,55 7.014627,58 0.660244,60 1.278568,65 4.057337,76 3.897488,79 1.908452,86 1.439698,87 2.391811,92 3.002703,105 1.899978,107 2.25417,122 2.028476,130 1.998115,150 1.601783,171 2.577758,178 5.575568,180 1.511092,195 2.583982,204 2.330529,207 1.46984,240 5.621965,243 1.725926,256 3.949565,273 7.058311,294 5.732928,307 2.855007,309 3.021135,378 2.914286,472 3.050635,475 4.765733,519 3.26016,565 3.446107,596 6.892214,687 3.183065,773 3.663518,804 3.627964,840 3.147511,909 3.501588,956 3.419947,987 2.427672,1000 crude
0 3.208015,21 2.259635,24 1.026151,40 3.949565,51 1.994822,55 6.458943,57 1.454605,65 1.935842,70 2.361846,76 2.459041,79 1.908452,86 2.281867,87 3.790931,110 2.570182,115 1.145021,130 3.996229,133 2.72071,174 1.950293,204 2.330529,207 2.939679,228 2.711793,254 3.99308,273 7.058311,289 3.897488,294 7.409702,346 2.44005,363 2.391811,390 2.789976,475 3.006843,521 7.481227,653 2.625036,676 3.501588,987 2.427672,1000 crude
0 2.881582,2 1.080624,5 1.945293,15 0.929876,19 1.788877,22 2.028476,30 1.611162,47 2.693935,55 3.960283,57 1.454605,58 1.320487,65 3.157222,67 1.969027,72 2.004472,76 2.459041,79 1.908452,81 1.88283,91 3.716242,92 2.379586,96 1.852748,102 1.632256,105 0.818276,107 1.422223,113 1.544583,130 1.998115,131 1.902676,174 1.950293,178 3.418644,180 1.511092,185 1.767252,188 3.501773,193 1.755523,199 2.357715,207 2.329641,208 2.553632,210 2.555275,213 4.134975,218 3.732519,222 2.775089,228 2.711793,232 2.148672,235 3.693473,265 6.441463,273 9.070616,292 2.585417,294 7.409702,335 2.386011,442 4.422008,562 3.346917,565 3.446107,641 3.419947,661 3.280853,668 3.700994,737 7.1238,755 3.346917,792 3.324189,840 3.147511,979 3.446107,988 3.740613,1000 crude
0 3.208015,21 2.259635,22 5.243535,24 2.150713,25 2.354329,27 3.322459,35 0.946821,40 7.899129,42 2.12449,48 3.089167,55 6.458943,63 3.028738,65 3.157222,69 2.964546,76 3.897488,77 4.453468,79 1.908452,86 1.439698,87 2.391811,92 1.501352,93 3.493534,102 3.264511,105 1.296937,107 1.422223,113 1.544583,130 3.996229,154 1.852748,178 2.156924,181 2.923252,185 1.767252,250 2.245343,273 8.191582,285 1.944158,294 5.732928,310 2.433833,311 4.988687,345 2.866464,478 3.501588,565 3.446107,595 3.875192,816 3.130395,909 3.501588,1000 crude
0 4.122611,15 0.586686,21 2.259635,22 2.028476,24 2.052302,27 1.430905,30 1.611162,35 1.893643,40 7.899129,42 2.12449,51 3.161718,55 11.142605,58 1.046461,63 3.914587,65 3.157222,69 2.349347,70 1.490159,76 4.918082,79 1.908452,87 3.790931,92 1.501352,105 2.115213,107 2.25417,109 1.536058,122 2.028476,130 3.996229,133 3.158646,154 1.852748,168 2.071145,177 2.341276,180 1.511092,196 2.021613,199 4.71543,204 2.330529,207 2.329641,208 1.611162,240 2.810982,248 2.001423,256 3.949565,273 9.070616,289 3.897488,294 9.086475,334 2.446323,336 2.421565,345 2.866464,378 4.619034,475 3.006843,521 5.928732,565 3.446107,687 3.183065,754 4.263088,842 3.081447,956 3.419947,1000 crude
0 4.122611,15 0.586686,21 2.259635,22 2.028476,24 2.052302,27 1.430905,30 1.611162,35 1.893643,40 7.899129,42 2.12449,51 3.161718,55 11.142605,58 1.046461,63 3.914587,65 3.157222,69 2.349347,70 1.490159,76 4.918082,79 1.908452,87 3.790931,92 1.501352,105 2.115213,107 2.25417,109 1.536058,122 2.028476,130 3.996229,133 3.158646,154 1.852748,168 2.071145,177 2.341276,180 1.511092,196 2.021613,199 4.71543,204 2.330529,207 2.329641,208 1.611162,240 2.810982,248 2.001423,256 3.949565,273 9.070616,289 3.897488,294 9.086475,334 2.446323,336 2.421565,345 2.866464,378 2.914286,475 3.006843,485 3.006843,521 5.928732,565 3.446107,687 3.183065,754 4.263088,842 3.081447,956 3.419947,1000 crude
0 4.449045,4 1.174563,21 2.259635,22 2.028476,24 1.67358,27 1.430905,35 0.946821,40 6.441463,55 7.014627,58 0.660244,63 3.516256,65 3.157222,69 2.349347,76 2.459041,77 2.226734,79 1.908452,87 3.790931,105 1.296937,113 1.544583,130 3.996229,199 2.357715,207 2.329641,235 1.590692,240 2.810982,273 8.655567,283 3.183065,294 7.409702,345 2.866464,367 3.097382,565 3.446107,595 3.875192,786 3.663518,889 4.108417,909 3.501588,1000 crude
0 2.482059,13 1.539455,15 0.929876,20 1.519314,35 1.500676,51 1.994822,55 3.960283,65 1.935842,77 2.226734,122 2.028476,180 1.511092,200 1.699684,234 4.147734,235 1.590692,240 2.810982,273 2.730527,345 2.866464,431 3.220541,472 3.050635,848 3.782635,937 3.346917,979 3.446107,1000 crude
0 3.723089,15 0.586686,21 5.24671,22 2.028476,24 1.503284,35 1.500676,42 2.12449,55 6.458943,61 3.818982,63 3.516256,65 3.157222,70 1.490159,71 2.421565,76 6.356529,79 4.431288,86 1.439698,87 2.391811,102 1.632256,105 2.115213,115 1.145021,128 1.998115,130 1.998115,133 2.156111,165 2.299254,207 2.329641,256 2.491898,273 4.327784,294 4.543238,424 3.06587,690 4.58887,825 2.633239,848 3.782635,928 2.889963,1000 crude
0 2.482059,2 1.712749,4 1.174563,21 3.581437,22 2.028476,24 1.026151,47 1.699684,51 1.994822,60 2.026482,69 1.482273,79 1.908452,81 1.88283,117 3.838089,159 5.257926,258 2.832645,273 2.730527,293 3.589093,294 4.543238,566 10.390004,708 4.108417,934 4.181447,1000 crude
0 1.966986,5 1.945293,15 0.929876,19 1.788877,45 2.165276,46 2.274228,58 0.660244,76 2.459041,101 2.637584,105 1.636552,143 4.036415,181 1.258976,184 3.782531,208 1.611162,213 6.868044,272 4.601608,1000 crude
0 2.881582,23 1.622588,45 2.165276,54 2.319918,63 1.514369,65 1.22138,76 2.459041,101 1.66413,114 2.042409,143 3.198783,149 2.64154,184 1.891266,218 1.86626,314 2.136476,323 2.585417,1000 crude
0 4.122611,28 2.277202,35 0.946821,55 4.997321,58 0.660244,63 1.514369,65 2.44276,67 1.969027,68 1.400981,71 3.838089,76 2.459041,87 2.391811,115 2.290042,133 1.360355,312 2.616929,335 2.386011,737 3.5619,1000 crude
4 1.174563,15 0.586686,63 2.400218,81 1.88283,86 1.439698,169 2.346713,311 6.295022,478 3.501588,886 4.355645,1000 crude
0 2.482059,5 0.972647,15 1.173373,21 2.259635,24 0.647429,34 1.950293,39 1.565484,42 3.367238,50 2.161087,63 1.514369,86 1.439698,93 1.504583,119 2.217613,130 1.998115,258 2.832645,274 2.250074,412 2.866464,424 3.06587,438 3.370416,575 3.473293,746 3.346917,1000 crude
0 2.881582,21 2.259635,24 0.647429,45 3.431881,63 2.400218,79 1.908452,127 2.30437,165 2.299254,209 2.675777,267 2.001423,328 5.016501,432 3.26016,433 2.843736,438 3.370416,943 2.855007,1000 crude
0 3.208015,15 0.586686,21 3.581437,24 1.294858,32 2.945052,37 2.577845,42 2.12449,54 1.463705,65 1.935842,67 1.969027,68 2.220502,76 2.459041,86 2.879396,91 1.858121,101 1.66413,105 0.818276,109 1.536058,133 1.360355,138 2.391811,143 2.018207,150 1.601783,163 4.186742,231 2.680414,235 2.521187,649 2.693551,678 4.580482,1000 crude
0 4.122611,8 1.348617,15 1.516562,21 4.51927,24 1.026151,32 1.858121,37 1.626439,42 2.12449,45 2.165276,51 1.994822,58 0.660244,63 2.400218,67 1.969027,70 1.490159,72 1.264681,79 3.024825,84 2.152786,101 3.32826,165 2.299254,184 1.891266,197 2.485201,205 1.88283,213 2.067487,314 3.386234,328 3.16506,472 3.050635,917 3.92656,972 3.82737,975 3.370416,980 4.355645,1000 crude
0 2.881582,2 1.080624,15 1.760059,28 2.277202,42 2.12449,51 1.994822,58 1.046461,65 1.22138,109 2.434594,138 2.391811,165 2.299254,207 1.46984,281 1.88004,598 7.750384,627 3.782635,1000 crude
0 1.966986,35 1.500676,45 3.431881,58 0.660244,65 1.935842,68 1.400981,76 2.459041,92 1.501352,105 1.636552,133 2.156111,180 1.511092,223 1.284437,282 2.386011,345 2.866464,378 2.914286,479 3.220541,659 3.20155,821 3.097382,873 3.82737,1000 crude
0 3.208015,1 1.682535,6 1.636161,7 1.902676,9 2.284131,18 3.702285,22 4.709976,24 0.647429,25 2.354329,35 1.893643,42 4.248981,49 4.568261,58 1.046461,59 1.636161,65 3.66414,76 3.897488,78 2.827295,82 2.421565,84 3.412085,94 5.283081,101 2.637584,105 1.296937,114 2.042409,115 1.145021,122 6.430118,138 2.391811,154 2.936535,159 3.589093,160 2.346713,162 2.346713,181 2.517953,198 2.254838,237 2.8004,242 3.097382,254 2.519353,280 2.190951,281 1.88004,295 2.965654,303 3.215059,319 2.533499,324 5.596642,424 3.06587,436 3.26016,440 2.914286,454 3.324189,463 3.419947,466 5.596642,480 3.446107,495 3.5619,510 5.696585,543 3.531088,568 3.501588,771 4.462494,807 6.22345,879 3.006843,925 5.233835,939 3.446107,941 4.042353,1000 crude
0 4.592356,8 1.348617,15 0.586686,21 3.581437,31 1.899806,45 3.431881,51 1.994822,63 3.516256,67 3.120835,76 3.897488,79 3.024825,81 1.88283,90 1.721483,105 0.818276,115 1.145021,133 2.156111,137 2.112709,165 2.299254,184 3.782531,226 2.386011,231 2.680414,235 2.521187,243 1.725926,291 2.30437,442 2.789976,575 8.978331,996 3.370416,1000 crude
0 2.482059,4 1.174563,12 1.668219,24 0.647429,42 3.367238,48 3.089167,78 1.413648,97 1.746281,111 2.485201,163 2.64154,165 4.598509,281 1.88004,346 2.44005,354 2.99284,363 2.391811,1000 crude
0 3.484011,30 1.611162,35 0.946821,55 2.49866,63 3.028738,65 2.44276,70 1.490159,76 2.459041,92 1.501352,105 0.818276,106 2.165276,115 1.145021,204 2.330529,207 1.46984,219 2.116614,222 2.775089,223 1.284437,228 4.298089,231 2.680414,243 1.725926,247 2.274228,268 2.40356,273 5.461055,294 5.732928,363 3.790931,390 2.789976,457 3.081447,840 3.147511,1000 crude
0 1.24103,31 1.899806,45 3.431881,58 1.046461,65 1.22138,143 2.018207,164 3.300265,184 1.891266,205 1.88283,215 2.64154,223 1.284437,226 2.386011,235 1.590692,272 1.981805,752 3.097382,1000 crude
0 2.482059,22 2.028476,24 0.647429,45 3.431881,55 3.960283,58 0.660244,63 1.514369,65 1.935842,71 2.421565,76 3.897488,79 1.908452,81 1.88283,92 1.501352,96 1.852748,105 1.899978,115 1.145021,170 2.939494,180 1.511092,222 1.750887,223 1.284437,228 4.298089,235 2.521187,272 3.141086,276 3.097382,328 3.16506,363 3.790931,383 2.649942,424 3.06587,847 3.370416,1000 crude
0 3.723089,15 0.586686,21 2.259635,24 0.647429,37 1.626439,45 3.431881,58 1.046461,63 3.516256,65 1.22138,77 2.226734,84 2.152786,91 1.858121,101 3.86399,109 1.536058,115 1.145021,137 2.112709,143 2.018207,150 1.601783,163 2.64154,164 3.300265,165 2.299254,172 2.12449,184 5.309454,205 1.88283,207 1.46984,223 1.284437,231 2.680414,242 3.097382,314 5.997846,330 2.368895,661 3.280853,883 3.473293,917 6.22345,1000 crude
0 2.881582,15 0.929876,22 4.056953,40 2.491898,42 2.12449,45 2.165276,48 1.544583,62 2.152786,81 1.88283,92 1.501352,107 3.302299,109 1.536058,115 1.814816,143 4.036415,150 1.601783,154 1.852748,195 2.583982,196 2.021613,197 2.485201,207 1.46984,230 2.8004,235 1.590692,290 2.505489,291 2.30437,305 2.789976,311 8.136198,426 2.902018,433 4.507214,437 2.675777,487 6.101271,556 3.663518,570 3.700994,598 3.875192,814 4.859289,1000 crude
0 3.933971,5 0.972647,24 1.67358,48 3.089167,61 2.40951,90 2.728486,105 1.899978,163 7.924621,164 2.082236,165 3.644232,168 2.071145,196 2.021613,197 2.485201,222 4.525976,227 2.078519,228 2.711793,245 3.312142,314 4.272952,328 6.33012,350 4.004233,355 2.810982,383 2.649942,595 3.875192,627 7.56527,842 3.081447,975 3.370416,1000 crude
0 1.966986,15 0.929876,21 7.817053,22 4.709976,24 2.321009,28 2.277202,35 0.946821,42 2.12449,62 3.412085,76 2.459041,97 1.746281,102 2.587064,115 1.145021,122 3.215059,138 2.391811,181 4.355342,242 7.191898,243 2.735528,244 1.728158,281 1.88004,290 2.505489,311 3.147511,569 3.875192,598 8.997917,643 3.627964,949 3.627964,1000 crude
0 3.484011,15 0.586686,24 0.647429,45 3.431881,58 0.660244,59 1.636161,63 2.400218,91 1.858121,101 1.66413,105 0.818276,143 2.018207,165 2.299254,180 1.511092,184 1.891266,197 3.93895,205 1.88283,223 1.284437,270 2.014818,281 1.88004,917 7.85312,1000 crude
0 4.848567,4 2.349126,15 1.362244,16 1.684823,21 2.259635,24 1.026151,37 3.776474,40 5.786008,42 4.248981,43 1.88563,45 4.330551,48 1.544583,51 3.161718,54 1.463705,55 2.49866,58 1.046461,59 3.272321,63 4.800436,65 3.157222,76 4.918082,77 2.226734,79 1.908452,81 1.88283,84 2.152786,90 3.442965,101 4.301714,102 2.587064,105 1.899978,109 2.434594,113 1.544583,115 2.290042,143 3.198783,150 2.538765,163 4.186742,165 5.338703,184 2.997585,207 1.46984,226 2.386011,235 5.042375,268 2.40356,290 3.971107,323 2.585417,330 2.368895,504 3.220541,744 4.788386,798 2.625036,816 3.130395,846 3.346917,910 3.473293,916 2.570182,1000 crude
0 4.122611,5 0.972647,6 1.636161,15 0.586686,36 2.299254,37 2.577845,45 4.330551,48 1.544583,51 1.994822,59 2.593253,62 2.152786,76 2.459041,90 1.721483,105 0.818276,143 3.198783,164 3.300265,165 2.299254,180 1.511092,181 1.258976,184 1.891266,205 1.88283,235 3.693473,314 3.386234,653 2.625036,675 3.324189,744 3.021135,917 6.22345,1000 crude
0 1.966986,59 2.593253,77 7.058579,89 2.368895,95 2.633239,104 2.675777,110 7.215414,137 2.112709,158 1.88004,164 2.082236,170 4.658988,181 1.258976,197 2.485201,223 1.284437,228 2.711793,237 2.8004,240 2.810982,254 3.99308,260 2.99284,283 5.045038,314 2.136476,317 3.99308,319 2.533499,332 2.843736,360 5.304738,390 2.789976,396 3.324189,399 3.324189,469 5.549886,476 7.062177,480 3.446107,523 5.549886,560 3.700994,565 3.446107,571 3.740613,609 3.782635,951 3.82737,974 3.240068,996 3.370416,1000 crude
0 1.966986,5 1.541608,19 2.835302,31 1.899806,42 2.12449,67 3.120835,105 1.296937,133 1.360355,205 1.88283,213 3.27689,214 2.173729,215 2.64154,226 3.781738,245 4.179458,272 1.981805,314 2.136476,483 3.501588,1000 crude
0 2.482059,45 2.165276,101 2.637584,109 1.536058,137 2.112709,150 1.601783,164 4.164471,172 2.12449,184 3.782531,197 2.485201,205 1.88283,218 1.86626,231 2.680414,235 2.521187,244 1.728158,380 2.810982,896 3.501588,1000 crude
0 3.484011,57 1.454605,59 1.636161,70 1.490159,72 1.264681,77 7.39705,89 5.500404,95 4.173585,104 5.351554,109 3.072115,110 7.215414,115 2.290042,150 3.203565,158 1.88004,170 4.658988,177 3.710835,196 2.021613,197 3.93895,205 1.88283,207 1.46984,219 2.116614,223 2.035784,237 2.8004,240 4.455302,254 2.519353,258 2.832645,260 4.743538,281 1.88004,283 6.366129,317 3.99308,332 2.843736,360 5.304738,396 5.268714,469 5.549886,476 7.062177,480 3.446107,523 8.130436,540 3.782635,571 3.740613,607 3.5619,608 3.5619,609 5.995335,615 3.663518,653 2.625036,951 6.066238,974 3.240068,996 3.370416,1000 crude
0 1.966986,15 2.170998,22 2.028476,28 3.713957,45 3.431881,58 0.660244,59 3.272321,65 3.157222,68 3.621482,69 2.964546,83 3.342409,93 3.889291,102 1.632256,133 1.360355,136 2.702612,165 2.299254,204 2.330529,242 3.097382,1000 crude
0 1.966986,15 0.929876,39 1.565484,69 2.964546,93 1.504583,109 2.434594,150 2.538765,163 4.186742,165 3.644232,244 1.728158,270 2.014818,973 3.26016,1000 crude
0 4.449045,15 0.929876,20 2.408056,21 2.259635,22 4.709976,24 1.294858,27 2.267931,37 2.577845,40 3.949565,42 2.12449,48 1.544583,51 1.994822,55 6.458943,58 0.660244,60 1.278568,63 2.400218,65 2.835957,77 2.226734,79 1.908452,107 2.25417,122 2.028476,180 3.022183,231 1.691153,270 2.014818,472 4.835142,480 3.446107,687 3.183065,972 3.82737,1000 crude
0 1.24103,59 1.636161,68 1.400981,92 1.501352,109 1.536058,137 3.348564,150 1.601783,180 1.511092,223 1.284437,228 2.711793,232 2.148672,247 2.274228,328 3.16506,360 3.346917,653 2.625036,814 3.06587,1000 crude
0 4.449045,15 0.929876,37 3.776474,45 4.330551,58 1.046461,59 1.636161,65 1.935842,68 1.400981,72 3.269153,91 1.858121,101 2.637584,115 1.145021,143 2.018207,164 4.164471,165 2.299254,184 2.997585,197 2.485201,205 1.88283,208 1.611162,235 2.521187,314 2.136476,724 3.663518,1000 crude
0 1.966986,13 1.539455,15 1.516562,42 2.12449,68 3.252976,84 2.152786,181 1.258976,184 2.997585,193 1.755523,214 2.173729,228 2.711793,351 2.952451,363 2.391811,424 3.06587,440 9.681049,456 3.021135,516 3.220541,775 5.710013,878 3.594145,917 7.85312,987 2.427672,1000 crude
0 1.24103,4 1.174563,5 0.972647,45 2.165276,63 1.514369,72 2.529362,92 1.501352,109 1.536058,117 2.421565,119 2.217613,150 1.601783,181 1.258976,193 1.755523,218 1.86626,223 1.284437,230 2.8004,234 2.616929,248 2.001423,280 2.190951,327 2.979113,487 3.050635,570 3.700994,729 3.220541,916 2.570182,1000 crude
0 3.484011,21 3.581437,22 4.056953,24 0.647429,25 1.485417,27 2.267931,40 4.983796,45 3.431881,55 2.49866,63 1.514369,79 1.908452,87 3.790931,92 2.379586,101 1.66413,115 1.145021,117 2.421565,130 1.998115,148 2.491898,181 1.99543,214 2.173729,230 2.8004,261 5.931308,309 10.035994,383 2.649942,390 2.789976,404 3.302182,432 3.26016,437 2.675777,440 2.914286,478 3.501588,487 6.101271,588 3.782635,618 3.92656,996 3.370416,1000 crude
0 3.208015,21 2.259635,22 3.215059,25 2.354329,27 1.430905,40 2.491898,45 3.431881,55 4.997321,79 1.908452,81 1.88283,87 5.553614,92 2.379586,107 1.422223,127 2.30437,130 1.998115,131 1.902676,181 1.258976,187 2.250074,210 2.555275,222 1.750887,230 2.8004,261 2.965654,309 9.576772,404 5.233835,487 7.885778,530 3.240068,570 3.700994,694 3.501588,825 2.633239,935 3.006843,1000 crude
0 2.482059,21 5.24671,22 5.694653,24 1.294858,25 2.354329,27 2.267931,40 3.949565,42 2.12449,45 4.330551,55 2.49866,70 2.361846,72 1.264681,78 1.413648,79 1.908452,92 1.501352,101 2.637584,115 1.145021,130 1.998115,148 2.491898,151 2.264465,181 1.258976,210 2.555275,230 2.8004,261 5.931308,281 1.88004,309 9.576772,404 5.233835,437 2.675777,440 2.914286,487 7.885778,504 3.220541,530 3.240068,588 3.782635,618 6.22345,620 3.875192,632 3.982041,1000 crude
0 2.881582,4 2.727251,15 0.586686,21 2.259635,22 4.056953,24 0.647429,40 4.983796,42 4.248981,48 3.089167,50 3.425242,55 2.49866,79 1.908452,81 1.88283,109 1.536058,119 2.217613,150 1.601783,169 2.346713,180 1.511092,196 2.021613,238 2.011445,257 2.031933,270 2.014818,274 2.250074,289 2.459041,290 5.010979,311 4.988687,437 2.675777,475 3.006843,478 3.501588,487 7.885778,504 7.477865,570 3.700994,1000 crude
0 4.122611,1 1.061562,4 1.861639,8 1.348617,21 2.259635,22 2.028476,25 1.485417,27 1.430905,35 0.946821,40 2.491898,45 2.165276,48 1.544583,55 2.49866,63 1.514369,71 2.421565,79 1.908452,81 1.88283,92 2.379586,107 1.422223,114 2.042409,115 1.814816,181 1.258976,196 2.021613,225 2.363283,309 7.809521,345 2.866464,383 2.649942,384 2.740088,390 2.789976,404 3.302182,426 2.902018,437 2.675777,487 7.885778,570 3.700994,620 3.875192,632 3.982041,1000 crude
0 1.24103,42 2.12449,148 3.949565,283 3.183065,377 2.779707,399 3.324189,472 3.050635,1000 crude
0 4.122611,5 0.972647,15 0.586686,21 3.581437,45 2.165276,57 1.454605,59 3.272321,72 1.264681,86 1.439698,109 1.536058,150 1.601783,163 7.415741,165 5.943486,231 1.691153,291 4.60874,380 2.810982,383 2.649942,584 3.700994,627 5.995335,639 4.108417,678 2.889963,749 4.108417,821 3.097382,948 5.223994,1000 crude
0 3.208015,1 1.061562,2 2.509132,5 0.972647,15 0.586686,20 1.519314,22 2.028476,24 0.647429,27 2.267931,33 1.680634,58 1.046461,65 2.835957,70 1.490159,72 1.264681,91 4.314423,105 0.818276,131 1.902676,133 1.360355,198 2.254838,207 3.79948,208 1.611162,218 1.86626,227 3.294375,231 1.691153,243 1.725926,282 2.386011,358 7.861716,394 3.081447,405 2.832645,479 5.104437,653 4.160584,965 3.302182,1000 crude
0 3.723089,1 1.682535,2 3.738346,5 2.258416,15 0.586686,19 3.577753,23 1.622588,24 1.294858,27 2.86181,29 2.060229,30 1.611162,33 1.680634,39 1.565484,52 1.485417,54 3.783624,55 2.49866,58 1.046461,65 2.44276,72 1.264681,79 1.908452,91 4.314423,101 1.66413,105 1.899978,114 2.042409,115 1.145021,165 3.644232,181 1.258976,207 4.659281,208 1.611162,218 1.86626,222 1.750887,223 1.284437,227 3.294375,231 3.926735,243 1.725926,272 1.981805,275 2.433833,282 4.772022,358 11.201599,373 2.779707,390 2.789976,419 2.8004,659 3.20155,661 3.280853,662 2.789976,716 3.419947,804 7.255928,838 3.92656,878 3.594145,1000 crude
0 4.293257,5 1.541608,13 1.539455,15 0.586686,21 4.51927,22 3.215059,42 2.12449,45 4.330551,46 2.274228,48 1.544583,55 2.49866,58 1.046461,63 3.516256,65 1.22138,67 3.120835,81 2.984214,91 2.945052,133 1.360355,143 2.018207,163 4.186742,165 5.338703,180 1.511092,181 1.258976,205 1.88283,207 2.939679,222 1.750887,228 4.298089,256 2.491898,267 2.001423,290 3.971107,330 2.368895,363 4.783623,440 5.828572,480 5.46195,521 3.740613,572 3.663518,574 3.740613,627 5.995335,730 3.20155,775 2.855007,900 3.531088,917 3.92656,1000 crude