33
44 2.866464,115 1.145021,139 4.70045,434 7.65474,544 3.782635,1000 copper
44 2.866464,101 1.66413,133 1.360355,406 3.473293,536 4.181447,1000 copper
3 2.183552,4 2.349126,15 0.586686,24 1.026151,44 7.409702,50 2.161087,58 0.660244,105 0.818276,119 2.217613,218 1.86626,335 2.386011,1000 copper
3 1.377668,4 1.861639,15 0.929876,24 0.647429,25 1.485417,44 8.047181,58 0.660244,107 1.422223,114 2.042409,130 1.998115,187 2.250074,196 6.715655,207 1.46984,209 4.241006,230 2.8004,235 1.590692,268 2.40356,292 6.003152,296 2.821729,332 2.843736,335 2.386011,613 3.92656,772 4.263088,916 2.570182,1000 copper
35 0.946821,44 7.409702,51 1.994822,60 1.278568,78 2.240578,121 4.507214,172 2.12449,180 2.395023,181 1.258976,195 1.630311,219 2.116614,220 4.909234,223 2.035784,235 5.284165,303 3.215059,587 14.212787,692 3.394739,975 5.341982,1000 copper
1 1.061562,35 1.893643,44 7.409702,53 2.190951,65 1.22138,70 1.490159,86 2.879396,115 1.145021,128 1.998115,150 1.601783,180 2.395023,207 2.939679,256 2.491898,279 2.54794,378 2.914286,421 2.721097,574 3.740613,652 5.167232,973 3.26016,1000 copper
22 2.028476,28 1.436755,44 4.543238,53 2.190951,63 1.514369,78 1.413648,93 1.504583,102 1.632256,130 1.998115,185 1.767252,186 5.362547,219 2.116614,220 4.909234,281 1.88004,311 3.147511,327 11.342542,349 6.194764,478 3.501588,587 6.511687,1000 copper
1 1.061562,35 1.500676,44 6.655723,53 2.190951,65 1.22138,70 1.490159,86 1.439698,91 1.858121,106 2.165276,121 2.843736,128 1.998115,150 1.601783,180 2.395023,181 1.258976,204 2.330529,207 2.939679,256 2.491898,378 2.914286,574 3.740613,652 5.167232,1000 copper
4 1.174563,44 2.866464,133 1.360355,536 4.181447,1000 copper
4 1.174563,44 2.866464,133 1.360355,536 4.181447,1000 copper
3 1.377668,44 6.655723,78 1.413648,145 4.988687,185 2.801028,212 3.26016,219 2.116614,220 3.097382,453 9.461953,466 7.062177,587 4.108417,1000 copper
44 4.543238,48 1.544583,119 2.217613,133 1.360355,166 2.667058,406 3.473293,536 4.181447,1000 copper
44 4.543238,48 1.544583,119 2.217613,133 1.360355,166 2.667058,406 3.473293,536 4.181447,1000 copper
44 4.543238,48 1.544583,119 2.217613,133 1.360355,166 2.667058,406 3.473293,536 4.181447,1000 copper
44 4.543238,48 1.544583,119 2.217613,133 1.360355,166 2.667058,406 3.473293,536 4.181447,1000 copper
44 2.866464,73 2.217613,133 1.360355,147 2.060229,166 2.667058,1000 copper
44 4.543238,115 1.145021,139 5.931308,383 4.200059,404 3.302182,428 2.878114,1000 copper
4 1.174563,24 0.647429,44 2.866464,67 1.969027,79 3.024825,105 0.818276,139 8.325643,230 4.438529,290 3.971107,329 3.419947,383 2.649942,492 3.473293,539 3.501588,734 3.050635,752 3.097382,996 3.370416,1000 copper
3 1.377668,4 1.174563,44 2.866464,63 3.028738,139 7.666104,290 2.505489,492 3.473293,544 3.782635,734 3.050635,1000 copper
4 1.174563,24 0.647429,44 2.866464,67 1.969027,79 3.024825,105 0.818276,139 8.325643,230 4.438529,290 3.971107,329 3.419947,383 2.649942,492 3.473293,539 3.501588,734 3.050635,752 3.097382,996 3.370416,1000 copper
4 1.174563,44 2.866464,63 3.028738,139 8.325643,290 2.505489,327 2.979113,492 3.473293,544 3.782635,734 3.050635,1000 copper
5 1.541608,11 3.834415,15 0.586686,24 1.503284,44 8.047181,58 1.046461,63 3.516256,84 3.412085,86 3.342875,93 1.504583,111 2.485201,154 1.852748,166 2.667058,179 4.122478,181 1.258976,214 4.347457,223 1.284437,235 1.590692,244 1.728158,815 3.021135,849 3.982041,1000 copper
25 1.485417,39 3.130968,44 2.866464,72 1.264681,105 0.818276,115 1.145021,148 2.491898,166 2.667058,187 2.250074,193 2.782438,258 2.832645,267 2.001423,349 3.097382,452 3.446107,466 3.531088,530 3.240068,647 4.108417,1000 copper
3 1.377668,4 1.174563,25 1.485417,39 1.565484,44 5.732928,58 0.660244,115 1.145021,139 4.70045,166 2.667058,193 1.755523,258 2.832645,267 3.172181,317 3.99308,355 5.621965,432 3.26016,437 2.675777,452 3.446107,455 3.183065,965 3.302182,988 5.928732,1000 copper
1 1.682535,3 3.198846,4 1.174563,25 1.485417,39 1.565484,44 5.732928,48 1.544583,63 3.028738,78 1.413648,81 1.88283,113 1.544583,117 2.421565,185 1.767252,219 2.116614,220 3.097382,230 2.8004,317 3.99308,379 5.696585,504 3.220541,1000 copper
3 1.377668,4 1.174563,8 1.348617,15 0.929876,20 2.408056,24 1.294858,44 5.732928,58 0.660244,67 1.969027,105 1.296937,130 3.166937,133 1.360355,139 5.931308,166 2.667058,193 1.755523,208 1.611162,243 1.725926,267 2.001423,355 2.810982,366 3.240068,389 2.633239,449 3.16506,453 3.370416,482 3.370416,723 5.387102,1000 copper
44 2.866464,53 2.190951,93 3.889291,102 1.632256,220 3.097382,281 1.88004,536 6.627437,1000 copper
28 1.436755,44 4.543238,53 2.190951,93 3.889291,102 1.632256,220 3.097382,281 1.88004,311 3.147511,317 2.519353,327 11.02403,1000 copper
14 1.616852,44 5.732928,48 1.544583,181 1.258976,208 1.611162,293 2.264465,1000 copper
22 2.028476,28 1.436755,44 4.543238,53 2.190951,63 1.514369,78 1.413648,93 4.223899,102 1.632256,130 1.998115,185 1.767252,186 2.309523,198 2.254838,220 3.097382,244 1.728158,281 1.88004,311 3.147511,327 11.02403,349 6.194764,478 3.501588,1000 copper
3 2.755336,15 1.173373,24 1.026151,25 1.485417,27 4.535862,44 9.086475,54 1.463705,58 1.320487,63 1.514369,72 1.264681,78 1.413648,102 1.632256,114 2.042409,148 2.491898,151 2.264465,195 1.630311,208 1.611162,220 4.909234,230 5.6008,249 2.779707,259 1.935058,290 3.971107,366 3.240068,367 6.194764,449 3.16506,497 3.280853,654 7.273187,737 3.5619,982 4.462494,1000 copper
3 3.867602,4 1.174563,11 1.917208,15 1.760059,16 3.369645,24 1.67358,28 2.277202,44 5.732928,57 1.454605,58 0.660244,63 3.516256,72 1.264681,78 2.240578,102 3.264511,113 1.544583,114 2.042409,151 2.264465,166 4.227187,185 1.767252,214 3.445278,230 2.8004,248 3.172181,449 3.16506,825 2.633239,1000 copper
3 1.377668,4 1.174563,27 1.430905,44 8.047181,92 1.501352,166 2.667058,223 2.035784,230 4.438529,248 2.001423,258 2.832645,317 2.519353,367 4.909234,407 2.866464,449 3.16506,694 3.501588,816 3.130395,900 3.531088,1000 copper