119
2 1.712749,5 2.514255,8 2.137508,13 4.321797,14 1.616852,15 1.173373,19 1.788877,29 5.325615,33 1.680634,38 3.944399,41 2.259635,57 2.90921,78 1.413648,81 1.88283,96 4.301947,103 2.049482,114 2.042409,115 1.145021,140 4.352443,157 2.465489,181 1.258976,184 2.997585,187 3.566283,195 1.630311,208 4.164794,210 2.555275,213 7.152331,226 3.781738,231 3.382305,243 2.735528,266 4.892645,299 4.147734,310 2.433833,312 2.616929,315 4.373886,335 2.386011,351 2.952451,456 4.788386,516 8.324978,552 8.506425,557 3.394739,579 3.627964,594 3.875192,705 4.58887,793 2.740088,799 4.472335,815 3.021135,869 3.302182,898 3.875192,970 3.594145,1000 interest
2 2.793373,5 1.541608,8 3.131393,13 5.696662,14 3.754213,15 1.516562,29 2.060229,31 1.899806,33 1.680634,35 0.946821,39 1.565484,47 1.699684,57 2.90921,72 2.004472,78 2.240578,96 2.936535,106 2.165276,115 1.145021,133 1.360355,181 2.923252,184 1.891266,187 2.250074,195 4.214293,208 6.294635,210 5.110551,213 6.55378,232 6.032086,243 1.725926,250 2.245343,266 8.126508,299 5.233858,310 2.433833,315 2.759615,337 2.512387,351 2.952451,431 3.220541,456 3.021135,516 7.477865,552 7.327035,579 3.627964,675 3.324189,920 2.939494,1000 interest
2 1.080624,8 6.262785,13 5.11396,14 2.562649,15 2.103249,20 3.038628,29 2.060229,31 1.899806,32 2.945052,35 0.946821,47 6.798735,57 3.377488,58 1.046461,65 1.22138,67 1.969027,68 1.400981,70 1.490159,79 1.908452,90 3.997159,91 1.858121,112 1.806175,113 1.544583,114 2.042409,115 3.435064,120 8.638002,141 7.177706,180 1.511092,189 2.363283,203 2.144583,208 1.611162,216 3.971107,227 2.078519,231 4.371566,232 2.148672,241 2.730527,247 9.295824,248 3.172181,266 2.446323,272 1.981805,285 1.944158,299 4.147734,384 5.480176,387 2.979113,389 2.633239,552 3.663518,562 3.346917,763 6.627437,799 2.821729,801 3.346917,815 3.021135,837 3.16506,841 3.594145,928 2.889963,946 6.406978,987 2.427672,1000 interest
2 2.161249,8 2.137508,13 1.539455,14 1.616852,15 1.362244,24 1.026151,32 2.945052,35 0.946821,48 1.544583,68 1.400981,86 1.439698,105 1.296937,141 2.074822,157 2.465489,181 1.258976,195 1.630311,203 3.399084,210 5.110551,227 2.078519,303 4.056953,384 2.740088,1000 interest
2 1.080624,8 2.697235,15 1.173373,47 2.693935,68 1.400981,72 1.264681,86 1.439698,93 1.504583,181 1.258976,203 2.144583,208 2.553632,210 2.555275,247 3.604567,1000 interest
2 1.712749,8 2.137508,13 1.539455,15 1.173373,24 1.026151,31 3.011121,32 1.858121,35 1.500676,57 1.454605,105 1.296937,135 2.161087,153 2.471998,181 1.99543,208 2.553632,298 2.325218,433 2.843736,1000 interest
2 2.793373,8 1.348617,13 5.696662,15 1.173373,23 1.622588,29 2.060229,54 1.463705,57 3.377488,58 0.660244,70 1.490159,93 2.384708,113 1.544583,115 1.145021,191 2.693551,200 1.699684,203 2.144583,208 4.833487,210 5.110551,216 2.505489,223 1.284437,232 5.554238,241 4.327784,243 1.725926,247 2.274228,248 3.172181,255 4.061765,269 4.164471,525 5.596642,857 3.663518,1000 interest
2 1.712749,8 2.137508,15 1.362244,24 1.503284,28 1.436755,31 3.011121,41 2.259635,96 4.301947,115 1.145021,123 4.843129,135 2.161087,158 1.88004,181 2.517953,216 3.971107,403 2.721097,1000 interest
13 1.539455,31 1.899806,46 2.274228,68 1.400981,83 2.108825,109 1.536058,112 1.806175,115 1.145021,150 1.601783,181 1.258976,195 2.583982,205 1.88283,215 5.283081,226 2.386011,247 2.274228,305 2.789976,382 3.130395,902 3.081447,909 3.501588,1000 interest
2 2.793373,8 4.834743,13 1.539455,15 1.516562,57 2.305494,69 2.964546,90 1.721483,93 3.009166,232 2.148672,384 6.362288,538 3.531088,579 3.627964,1000 interest
2 2.793373,5 1.541608,8 2.137508,13 3.078911,15 1.362244,35 0.946821,41 3.581437,96 2.936535,103 3.248353,115 1.814816,208 3.222325,213 2.067487,216 2.505489,232 2.148672,262 3.006843,266 4.892645,351 2.952451,372 2.667058,456 3.021135,516 3.220541,552 3.663518,793 2.740088,854 3.473293,1000 interest
2 2.161249,5 1.945293,13 3.078911,14 2.562649,15 1.173373,35 1.893643,39 1.565484,41 2.259635,47 2.693935,96 3.705495,115 1.814816,144 2.505489,210 2.555275,216 2.505489,266 3.877329,298 2.325218,552 3.663518,859 4.462494,1000 interest
2 3.738346,8 3.131393,13 5.32564,14 3.233703,15 1.94893,25 1.485417,28 1.436755,31 3.011121,33 1.680634,35 2.658063,37 1.626439,41 4.51927,57 3.377488,60 1.278568,65 1.22138,68 2.220502,69 1.482273,72 1.264681,78 1.413648,79 3.816904,86 2.281867,103 2.049482,105 1.296937,115 1.814816,116 2.173729,136 4.283538,140 1.874495,152 4.509677,161 2.008088,180 3.022183,181 1.258976,195 1.630311,203 2.144583,208 3.741003,210 2.555275,213 4.800557,214 2.173729,216 2.505489,218 1.86626,219 2.116614,231 1.691153,232 3.405565,243 2.735528,264 2.380259,266 4.892645,299 5.233858,315 8.747772,335 2.386011,351 2.952451,380 4.455302,387 2.979113,389 2.633239,411 2.749783,456 3.021135,516 7.477865,541 3.220541,653 2.625036,902 3.081447,910 3.473293,1000 interest
0 1.24103,1 1.061562,2 4.114321,5 1.541608,8 3.486125,13 3.078911,14 3.754213,15 1.362244,19 2.835302,20 2.408056,33 2.663742,35 2.840464,41 4.51927,43 1.88563,47 1.699684,48 1.544583,52 1.485417,57 1.454605,58 0.660244,60 1.278568,68 3.252976,72 2.529362,78 1.413648,79 3.024825,92 1.501352,96 2.936535,103 2.049482,105 0.818276,114 3.237142,115 1.145021,122 3.215059,133 1.360355,136 5.405223,137 2.112709,140 1.874495,144 2.505489,153 2.471998,181 1.258976,185 1.767252,188 1.750887,193 2.782438,195 3.260623,203 2.144583,208 4.523104,213 5.344377,216 3.971107,219 3.354753,226 2.386011,232 2.148672,247 2.274228,264 2.380259,266 2.446323,267 2.001423,285 1.944158,299 5.233858,312 4.147734,315 6.407627,335 2.386011,372 2.667058,380 2.810982,384 4.342937,389 4.173585,395 2.54794,519 3.26016,529 3.302182,552 5.806538,656 3.82737,676 3.501588,680 3.627964,731 3.5619,744 3.021135,797 3.006843,799 2.821729,930 3.220541,957 3.370416,971 3.594145,1000 interest
2 1.712749,8 1.348617,15 0.929876,57 1.454605,231 1.691153,352 2.625036,388 3.050635,467 3.20155,1000 interest
2 2.161249,5 1.945293,13 4.618366,14 3.754213,15 1.647037,23 1.622588,24 0.647429,28 1.436755,39 1.565484,47 1.699684,58 1.533038,69 1.482273,70 1.490159,81 3.765659,93 1.504583,105 0.818276,113 1.544583,141 3.288515,157 3.907708,185 1.767252,193 1.755523,202 2.593162,206 2.289135,231 1.691153,232 2.148672,238 2.011445,248 2.001423,259 1.935058,265 2.491898,312 2.616929,319 2.533499,387 5.958227,491 3.346917,529 3.302182,547 3.280853,1000 interest
8 2.697235,15 1.173373,265 2.491898,763 4.181447,1000 interest
1 1.061562,2 3.033696,8 3.131393,13 4.879958,14 4.179501,15 1.760059,23 1.622588,27 1.430905,29 4.783704,32 3.716242,35 0.946821,39 1.565484,47 4.393619,57 4.083592,58 1.533038,64 2.8004,68 2.220502,72 2.004472,81 2.984214,91 1.858121,92 1.501352,115 1.814816,141 4.149645,157 2.465489,158 2.979793,162 2.346713,174 1.950293,200 1.699684,208 1.611162,210 5.110551,232 2.148672,234 2.616929,235 2.521187,247 2.274228,250 2.245343,265 6.995642,292 2.585417,387 4.721783,491 3.346917,928 2.889963,973 3.26016,1000 interest
2 2.793373,8 2.697235,13 3.574505,14 1.616852,15 0.929876,34 3.900585,35 1.500676,39 1.565484,41 2.259635,105 1.296937,113 1.544583,181 1.258976,195 1.630311,208 1.611162,210 4.050015,213 2.067487,232 2.148672,266 4.892645,267 2.001423,298 2.325218,310 3.857534,315 2.759615,335 2.386011,1000 interest
2 2.793373,8 3.486125,13 3.979434,15 1.173373,31 3.799611,57 2.305494,132 3.928437,180 1.511092,208 1.611162,216 5.010979,312 2.616929,384 2.740088,411 2.749783,431 3.220541,643 3.627964,1000 interest
1 1.682535,2 3.425498,5 1.945293,14 1.616852,34 1.950293,39 3.634941,47 4.771616,52 1.485417,57 1.454605,72 2.529362,92 1.501352,105 1.296937,115 1.145021,127 2.30437,159 6.357158,174 1.950293,188 1.750887,203 2.144583,241 2.730527,253 4.312836,265 6.441463,272 1.981805,312 2.616929,419 2.8004,431 3.220541,723 2.693551,806 4.263088,855 3.875192,869 3.302182,914 3.501588,1000 interest
2 1.080624,5 3.083217,8 1.348617,14 2.562649,15 1.173373,16 1.684823,35 0.946821,39 1.565484,47 4.393619,67 3.938055,102 2.587064,103 4.098965,115 1.814816,135 2.161087,141 4.149645,157 4.930978,161 3.182745,167 2.702612,181 2.517953,184 1.891266,191 6.962728,199 2.357715,264 6.152879,280 2.190951,285 1.944158,403 2.721097,854 3.473293,1000 interest
8 2.137508,15 0.929876,115 1.145021,172 2.12449,180 1.511092,191 2.693551,216 2.505489,269 2.082236,330 2.368895,1000 interest
172 2.12449,180 3.022183,191 4.269177,525 3.531088,533 3.501588,546 3.5619,1000 interest
2 3.425498,8 2.137508,13 3.979434,15 0.929876,35 0.946821,57 1.454605,92 2.379586,105 0.818276,115 1.145021,188 4.065433,208 2.553632,244 1.728158,272 3.141086,323 2.585417,388 6.101271,467 3.20155,1000 interest
6 1.636161,8 3.131393,15 0.929876,31 1.899806,57 2.305494,59 2.593253,198 2.254838,284 4.835142,910 3.473293,1000 interest
2 2.161249,8 2.137508,13 2.439979,14 1.616852,15 1.173373,35 0.946821,47 1.699684,54 1.463705,157 2.465489,184 1.891266,210 2.555275,247 4.548457,248 2.001423,1000 interest
2 1.712749,8 1.348617,13 1.539455,15 0.929876,34 1.950293,35 0.946821,41 2.259635,47 1.699684,208 1.611162,210 2.555275,266 2.446323,298 2.325218,310 2.433833,1000 interest
8 2.137508,15 0.929876,47 1.699684,57 2.305494,86 1.439698,196 2.021613,310 2.433833,467 3.20155,1000 interest
5 0.972647,15 0.586686,32 1.858121,35 0.946821,67 1.969027,81 1.88283,90 2.728486,103 2.049482,105 0.818276,120 3.818982,141 2.074822,161 2.008088,167 2.702612,203 2.144583,334 2.446323,1000 interest
15 0.586686,24 0.647429,31 1.899806,32 1.858121,90 2.728486,103 2.049482,105 0.818276,120 3.818982,123 3.838089,141 2.074822,257 2.031933,527 3.473293,1000 interest
2 3.033696,8 3.131393,14 1.616852,32 1.858121,33 1.680634,35 0.946821,41 3.581437,47 4.393619,52 1.485417,57 2.90921,68 1.400981,72 2.004472,78 2.827295,80 2.259635,90 1.721483,114 4.084819,115 2.290042,120 6.764349,192 2.585417,193 4.537961,195 1.630311,203 3.399084,206 3.628194,207 1.46984,227 2.078519,419 2.8004,421 4.312836,764 3.782635,798 2.625036,816 3.130395,911 3.006843,957 3.370416,1000 interest
15 0.586686,32 1.858121,35 0.946821,67 3.120835,90 2.728486,115 1.145021,116 2.173729,120 2.40951,141 2.074822,161 2.008088,167 4.283538,189 5.487372,334 3.877329,359 2.821729,408 3.240068,447 2.769588,1000 interest
5 0.972647,15 0.929876,31 1.899806,32 1.858121,35 0.946821,67 3.938055,81 2.984214,90 1.721483,105 0.818276,115 1.145021,120 4.819019,123 2.421565,141 2.074822,161 2.008088,167 2.702612,189 2.363283,285 1.944158,298 2.325218,334 2.446323,359 2.821729,457 3.081447,1000 interest
5 0.972647,15 0.929876,32 1.858121,35 0.946821,67 3.120835,81 1.88283,90 2.728486,105 0.818276,115 1.145021,120 2.40951,141 2.074822,161 2.008088,167 2.702612,189 2.363283,334 2.446323,733 2.702612,1000 interest
5 1.541608,8 1.348617,15 0.929876,31 1.899806,32 1.858121,35 0.946821,67 3.938055,81 1.88283,90 2.728486,105 1.296937,120 2.40951,141 2.074822,161 2.008088,167 2.702612,189 2.363283,334 2.446323,733 2.702612,1000 interest
5 0.972647,15 0.929876,32 1.858121,35 0.946821,67 1.969027,90 2.728486,105 0.818276,141 2.074822,161 2.008088,167 2.702612,189 2.363283,334 2.446323,457 3.081447,733 2.702612,1000 interest
5 0.972647,8 1.348617,15 0.929876,32 1.858121,35 0.946821,67 3.120835,90 2.728486,105 0.818276,115 1.145021,120 5.594708,141 3.288515,161 2.008088,167 2.702612,189 2.363283,334 2.446323,457 4.883978,733 2.702612,1000 interest
2 1.080624,8 1.348617,15 1.173373,32 2.945052,35 0.946821,67 3.938055,90 2.728486,120 3.818982,141 4.817588,161 2.008088,189 3.745714,457 3.081447,547 3.280853,733 2.702612,1000 interest
8 3.131393,13 1.539455,14 1.616852,15 2.724487,20 4.557942,23 1.622588,24 1.026151,28 4.554404,29 6.530772,32 3.716242,38 3.125863,45 5.597156,51 4.631833,54 1.463705,57 1.454605,58 0.660244,59 1.636161,60 1.278568,63 5.030624,65 4.650228,68 4.653957,69 5.127822,72 2.004472,76 2.459041,81 1.88283,83 4.217651,90 3.442965,93 4.513749,102 1.632256,105 1.296937,113 1.544583,114 2.042409,115 1.145021,120 7.637965,130 5.609417,133 1.360355,136 2.702612,143 3.198783,154 1.852748,160 2.346713,161 3.182745,189 5.487372,195 2.583982,204 2.330529,216 2.505489,218 1.86626,221 2.952451,231 2.680414,232 3.405565,244 1.728158,248 5.173604,250 2.245343,256 2.491898,259 1.935058,274 3.566283,337 3.982038,350 2.52639,382 4.961559,389 2.633239,561 5.304738,870 3.130395,877 4.042353,879 3.006843,911 3.006843,1000 interest
5 0.972647,15 0.586686,32 1.858121,35 0.946821,67 1.969027,90 2.728486,105 0.818276,120 2.40951,141 2.074822,161 2.008088,167 2.702612,334 2.446323,1000 interest
0 1.24103,1 2.46487,2 1.080624,8 5.623633,13 4.618366,14 2.562649,15 2.850112,19 2.835302,20 4.557942,23 4.555181,29 4.120458,31 3.011121,32 1.858121,35 1.500676,36 2.299254,38 1.9722,47 2.693935,48 2.448107,52 1.485417,54 4.109141,57 3.760099,58 1.320487,60 2.026482,62 2.152786,65 1.22138,68 2.801961,72 1.264681,76 2.459041,80 2.259635,90 3.997159,91 4.314423,105 0.818276,106 2.165276,112 1.806175,120 6.764349,133 1.360355,140 4.8455,141 6.224467,147 2.060229,161 5.190833,184 1.891266,186 2.309523,189 5.487372,193 2.782438,195 1.630311,208 1.611162,210 4.050015,213 2.067487,216 5.010979,218 1.86626,221 5.904901,231 3.382305,232 3.405565,243 3.451852,247 5.878795,248 7.406146,250 3.558784,265 2.491898,272 1.981805,285 1.944158,299 2.616929,300 4.472335,308 5.016501,310 2.433833,337 2.512387,389 5.266478,395 2.54794,433 5.687471,552 3.663518,575 3.473293,651 3.782635,746 3.346917,872 2.952451,942 4.942947,1000 interest
2 1.080624,8 2.137508,13 1.539455,15 1.859752,90 1.721483,132 2.478568,216 2.505489,312 2.616929,538 5.596642,1000 interest
2 2.509132,8 3.786048,13 2.439979,15 1.647037,57 1.454605,69 2.964546,90 1.721483,102 1.632256,232 3.405565,243 1.725926,384 7.083025,538 3.531088,579 5.750187,797 3.006843,1000 interest
8 2.137508,13 1.539455,15 0.929876,48 1.544583,90 1.721483,132 2.478568,216 2.505489,312 2.616929,538 5.596642,579 3.627964,1000 interest
2 2.509132,5 2.730564,8 3.786048,13 2.439979,14 3.233703,15 1.760059,31 3.011121,35 3.275463,39 1.565484,57 2.305494,58 1.046461,69 1.482273,78 1.413648,79 3.816904,86 1.439698,93 2.384708,97 1.746281,103 5.297835,115 1.145021,116 3.445278,119 2.217613,135 2.161087,152 2.254838,157 3.907708,167 4.283538,181 2.517953,195 1.630311,203 2.144583,208 1.611162,231 1.691153,232 2.148672,248 2.001423,310 3.857534,389 6.806824,431 3.220541,475 3.006843,541 3.220541,579 3.627964,789 3.594145,799 2.821729,821 3.097382,912 3.220541,1000 interest
2 1.080624,8 2.137508,13 1.539455,14 1.616852,15 0.586686,20 5.047052,24 0.647429,29 3.265386,32 1.858121,35 2.198451,38 1.9722,47 1.699684,48 1.544583,57 1.454605,65 1.22138,67 3.120835,72 1.264681,78 1.413648,90 2.728486,105 0.818276,112 1.806175,120 2.40951,122 2.028476,147 2.060229,180 2.395023,181 1.99543,198 2.254838,208 1.611162,210 2.555275,216 2.505489,231 2.680414,232 2.148672,243 1.725926,247 3.604567,248 2.001423,272 1.981805,337 2.512387,389 6.114192,411 2.749783,423 3.16506,433 2.843736,500 3.82737,505 3.663518,641 3.419947,1000 interest
1 2.123123,2 1.080624,5 1.541608,8 2.137508,13 1.539455,15 0.929876,23 4.194329,27 2.267931,35 1.893643,36 2.299254,38 1.9722,46 2.274228,54 1.463705,57 1.454605,58 1.046461,60 2.557135,62 2.152786,65 1.22138,70 5.155102,91 2.945052,92 1.501352,101 1.66413,105 1.296937,107 1.422223,121 2.843736,125 4.743538,130 1.998115,131 1.902676,174 1.950293,176 4.455302,180 1.511092,195 1.630311,198 3.573834,207 1.46984,223 1.284437,330 3.75461,350 2.52639,353 2.711793,357 2.693551,373 2.779707,485 3.006843,802 3.324189,857 3.663518,908 7.014859,910 3.473293,990 3.531088,1000 interest
8 2.137508,13 4.321797,14 4.539076,15 0.586686,20 1.519314,23 1.622588,29 3.265386,35 2.447497,38 3.125863,47 1.699684,57 3.377488,58 1.320487,68 2.220502,72 2.004472,81 2.984214,91 4.314423,101 3.32826,167 2.702612,191 5.387102,193 3.511046,218 2.957951,231 2.680414,245 2.089729,269 2.082236,270 4.678262,312 5.233858,330 2.368895,529 3.302182,679 2.577758,801 3.346917,889 4.108417,1000 interest
2 2.161249,5 2.91794,8 2.697235,13 5.696662,14 1.616852,15 0.929876,16 1.684823,20 3.92737,23 3.245176,29 2.060229,33 1.680634,38 1.9722,39 2.481233,52 1.485417,54 1.463705,57 4.083592,58 1.706705,60 1.278568,68 2.801961,69 1.482273,70 1.490159,72 2.004472,78 1.413648,80 2.259635,90 2.728486,91 1.858121,92 1.501352,93 1.504583,97 1.746281,101 2.637584,102 1.632256,107 1.422223,113 1.544583,116 2.173729,141 3.288515,152 4.509677,161 2.008088,181 1.99543,184 6.282648,185 1.767252,188 3.501773,189 7.850655,191 8.947782,195 1.630311,199 4.71543,200 1.699684,203 2.144583,208 3.741003,214 2.173729,216 2.505489,232 2.148672,238 2.011445,243 1.725926,248 4.647161,255 2.562689,264 6.152879,269 7.92781,272 1.981805,288 3.867387,299 2.616929,310 4.867666,334 2.446323,389 2.633239,395 2.54794,405 2.832645,433 4.507214,442 2.789976,447 2.769588,456 3.021135,468 3.473293,485 3.006843,525 3.531088,529 3.302182,533 3.501588,546 3.5619,564 3.446107,580 3.501588,604 3.5619,723 2.693551,798 2.625036,825 2.633239,872 7.631974,928 2.889963,1000 interest
2 1.080624,5 2.91794,8 1.348617,13 2.439979,15 1.94893,16 3.369645,20 3.038628,33 1.680634,35 1.893643,53 2.190951,58 1.853538,65 1.22138,68 1.400981,72 3.794044,90 4.832813,97 3.492562,103 3.248353,113 1.544583,133 1.360355,141 2.074822,161 2.008088,168 2.071145,181 1.99543,184 5.309454,187 3.566283,188 2.775089,191 4.269177,193 1.755523,195 1.630311,206 2.289135,208 1.611162,218 1.86626,219 2.116614,227 2.078519,243 2.735528,264 6.682231,269 3.300265,285 1.944158,288 6.307437,299 4.147734,310 3.857534,312 2.616929,389 6.114192,395 6.58633,423 5.016501,433 5.687471,527 3.473293,538 3.531088,801 3.346917,821 3.097382,867 2.939494,872 4.679523,874 3.782635,928 4.580482,941 4.042353,1000 interest
2 1.080624,5 0.972647,23 1.622588,38 1.9722,39 1.565484,47 2.693935,57 2.305494,60 1.278568,72 1.264681,92 1.501352,137 2.112709,159 5.853558,172 2.12449,188 1.750887,312 2.616929,353 2.711793,755 3.346917,863 2.866464,993 3.82737,1000 interest
2 1.712749,8 2.697235,13 2.439979,15 1.760059,20 1.519314,47 5.099051,69 1.482273,93 1.504583,97 1.746281,102 1.632256,103 2.049482,115 1.145021,157 2.465489,180 1.511092,232 3.405565,247 5.878795,270 2.014818,384 2.740088,387 2.979113,431 3.220541,951 3.82737,1000 interest
2 1.080624,8 1.348617,247 2.274228,1000 interest
8 1.348617,13 2.439979,15 1.760059,47 1.699684,57 1.454605,115 1.145021,180 1.511092,247 2.274228,270 2.014818,825 2.633239,1000 interest
2 1.080624,8 2.137508,13 2.439979,15 1.859752,47 2.693935,48 1.544583,57 1.454605,69 1.482273,181 1.258976,203 2.144583,232 4.297345,241 4.327784,247 3.604567,270 3.193411,1000 interest
13 3.078911,15 0.929876,31 1.899806,47 1.699684,57 2.305494,106 2.165276,113 1.544583,161 2.008088,203 3.399084,272 1.981805,323 2.585417,384 2.740088,433 2.843736,943 2.855007,1000 interest
2 2.161249,13 2.439979,38 1.9722,47 1.699684,57 2.305494,58 0.660244,60 2.026482,70 1.490159,72 1.264681,78 1.413648,86 2.281867,138 2.391811,180 1.511092,181 1.258976,188 2.775089,195 1.630311,202 2.593162,207 2.329641,227 2.078519,272 3.963609,541 3.220541,641 3.419947,1000 interest
5 0.972647,8 2.137508,13 2.439979,15 0.929876,16 3.369645,19 1.788877,23 2.571741,29 3.265386,33 2.663742,36 2.299254,38 1.9722,54 1.463705,57 2.305494,58 1.046461,60 1.278568,62 2.152786,72 1.264681,91 1.858121,101 1.66413,184 3.782531,193 2.782438,195 1.630311,213 2.067487,221 5.904901,223 1.284437,231 3.382305,250 2.245343,267 2.001423,310 3.857534,389 2.633239,662 2.789976,865 3.130395,874 3.782635,964 3.594145,1000 interest
2 2.509132,6 1.636161,8 2.697235,12 1.668219,13 3.574505,15 1.760059,30 1.611162,35 0.946821,47 2.693935,57 4.083592,72 1.264681,78 1.413648,83 2.108825,97 1.746281,115 1.814816,141 2.074822,188 2.775089,207 1.46984,210 4.050015,232 3.405565,234 6.764663,235 1.590692,265 4.983796,285 1.944158,312 4.147734,395 2.54794,538 3.531088,649 2.693551,675 3.324189,679 2.577758,733 2.702612,775 2.855007,911 3.006843,1000 interest
2 2.161249,5 1.541608,13 3.078911,14 4.179501,15 1.173373,35 1.500676,39 2.481233,47 1.699684,54 2.319918,57 1.454605,58 1.533038,70 1.490159,78 1.413648,86 1.439698,91 1.858121,105 0.818276,141 2.074822,180 1.511092,181 1.258976,184 1.891266,210 2.555275,222 1.750887,231 1.691153,234 2.616929,265 3.949565,285 1.944158,312 2.616929,335 2.386011,358 7.238929,411 2.749783,419 2.8004,458 3.050635,676 3.501588,679 2.577758,793 2.740088,807 3.92656,825 2.633239,915 3.594145,925 3.302182,946 4.042353,1000 interest
2 1.712749,8 3.131393,15 1.760059,28 1.436755,69 2.349347,93 2.384708,113 1.544583,115 1.145021,185 1.767252,208 1.611162,210 2.555275,216 2.505489,234 2.616929,431 3.220541,1000 interest
13 3.979434,15 1.647037,31 3.799611,113 2.448107,208 2.553632,232 2.148672,243 2.735528,384 2.740088,418 4.835142,527 6.946585,1000 interest
2 2.793373,5 0.972647,8 1.348617,15 0.586686,24 1.67358,38 1.9722,47 1.699684,58 0.660244,60 1.278568,72 2.004472,92 1.501352,105 1.636552,107 1.422223,128 1.998115,152 2.254838,178 2.156924,199 2.357715,208 1.611162,219 2.116614,231 1.691153,232 2.148672,247 2.274228,272 3.141086,384 2.740088,431 3.220541,723 2.693551,963 4.181447,1000 interest
2 2.509132,8 1.348617,14 1.616852,23 1.622588,33 1.680634,38 1.9722,39 1.565484,52 2.354329,54 1.463705,58 0.660244,65 1.22138,68 2.801961,81 1.88283,91 3.716242,97 1.746281,103 2.049482,112 1.806175,128 1.998115,137 2.112709,147 3.265386,180 1.511092,199 2.357715,216 2.505489,223 1.284437,238 2.011445,250 2.245343,272 1.981805,289 2.459041,419 4.438529,867 2.939494,869 3.302182,1000 interest
2 1.080624,8 3.786048,13 3.078911,15 1.647037,35 0.946821,48 1.544583,52 2.970833,57 1.454605,69 1.482273,91 1.858121,93 1.504583,101 1.66413,107 1.422223,128 1.998115,141 2.074822,152 2.254838,188 3.501773,199 2.357715,208 3.741003,210 4.050015,234 2.616929,241 2.730527,247 3.604567,259 1.935058,265 2.491898,266 3.877329,384 2.740088,405 2.832645,532 3.050635,983 2.952451,1000 interest
2 1.712749,8 2.697235,13 1.539455,15 1.173373,35 0.946821,47 2.693935,52 1.485417,57 1.454605,69 1.482273,103 2.049482,147 2.060229,208 1.611162,232 3.405565,247 4.548457,259 1.935058,265 2.491898,872 2.952451,1000 interest
2 2.793373,8 3.486125,13 3.574505,14 1.616852,15 0.929876,24 1.503284,35 0.946821,39 1.565484,47 1.699684,52 1.485417,57 3.377488,58 1.046461,69 1.482273,147 3.265386,180 1.511092,208 1.611162,216 2.505489,231 1.691153,232 4.297345,234 5.233858,241 5.461055,475 6.013686,552 3.663518,661 3.280853,1000 interest
5 0.972647,13 3.574505,15 0.929876,47 1.699684,57 2.305494,96 1.852748,102 1.632256,115 1.145021,125 2.99284,210 2.555275,213 2.067487,232 3.405565,243 3.451852,266 3.877329,351 2.952451,456 3.021135,516 6.441082,793 4.342937,854 3.473293,1000 interest
1 1.061562,2 1.712749,8 3.786048,13 5.11396,15 0.929876,20 2.408056,33 3.902312,35 1.500676,38 1.9722,39 2.481233,54 2.319918,57 1.454605,69 1.482273,70 1.490159,72 1.264681,78 4.240943,86 2.281867,105 0.818276,107 1.422223,116 2.173729,152 3.573834,172 2.12449,178 2.156924,180 2.395023,191 2.693551,195 3.785466,200 2.693935,208 4.523104,213 2.067487,223 1.284437,226 2.386011,231 2.680414,232 3.405565,264 3.772621,266 4.892645,288 4.880099,299 5.233858,315 8.747772,351 2.952451,378 2.914286,456 6.04227,465 3.183065,516 10.698406,552 3.663518,634 3.875192,641 3.419947,791 4.263088,837 3.16506,902 3.081447,957 3.370416,964 3.594145,973 3.26016,1000 interest
2 2.509132,8 1.348617,13 2.439979,15 0.929876,34 3.091141,35 0.946821,39 1.565484,41 2.259635,47 1.699684,181 1.258976,210 2.555275,213 2.067487,232 2.148672,266 3.877329,298 2.325218,841 3.594145,1000 interest
5 1.541608,13 2.439979,15 1.173373,47 1.699684,57 2.305494,58 0.660244,72 1.264681,78 1.413648,92 1.501352,113 1.544583,188 1.750887,195 1.630311,213 2.067487,221 4.679523,310 3.857534,351 2.952451,1000 interest
2 2.161249,8 2.137508,15 1.362244,47 1.699684,48 1.544583,119 2.217613,210 2.555275,247 3.604567,310 2.433833,1000 interest
2 1.080624,32 1.858121,47 2.693935,90 1.721483,120 2.40951,181 1.99543,1000 interest
2 1.080624,8 4.045852,13 1.539455,15 0.929876,47 2.693935,57 1.454605,86 1.439698,115 1.814816,203 2.144583,210 2.555275,247 3.604567,266 3.877329,312 2.616929,1000 interest
2 2.793373,5 1.945293,8 2.697235,13 6.292466,14 3.233703,15 2.029602,20 1.519314,24 0.647429,29 4.120458,31 3.799611,35 3.001352,41 3.581437,54 1.463705,57 2.90921,58 1.320487,59 4.229414,65 1.935842,68 1.400981,69 1.482273,96 5.20132,97 1.746281,106 2.165276,113 1.544583,115 1.145021,185 2.801028,187 3.566283,208 4.164794,210 2.555275,213 2.067487,226 2.386011,231 1.691153,232 4.297345,243 3.451852,245 3.312142,250 2.245343,266 4.892645,274 2.250074,310 2.433833,315 2.759615,351 2.952451,431 3.220541,456 4.788386,489 3.594145,516 3.220541,552 5.806538,579 9.378151,752 3.097382,841 3.594145,863 4.543238,865 3.130395,872 4.679523,902 4.883978,910 3.473293,911 3.006843,925 5.233835,939 3.446107,964 3.594145,1000 interest
2 1.712749,8 2.137508,13 1.539455,14 1.616852,15 0.586686,34 1.950293,35 0.946821,41 2.259635,115 1.145021,181 1.258976,208 2.553632,210 2.555275,232 2.148672,266 3.877329,359 2.821729,384 2.740088,841 3.594145,992 3.5619,1000 interest
2 2.793373,5 1.541608,8 1.348617,14 1.616852,15 0.929876,32 2.945052,33 1.680634,35 1.500676,41 2.259635,47 3.399368,52 2.354329,57 1.454605,58 0.660244,60 1.278568,67 3.120835,70 1.490159,90 2.728486,103 6.148447,105 1.296937,107 2.844445,115 1.145021,120 2.40951,185 2.801028,192 2.585417,193 3.511046,195 1.630311,267 2.001423,270 3.193411,352 2.625036,418 3.050635,419 2.8004,538 3.531088,694 5.549886,797 3.006843,798 2.625036,820 3.663518,870 3.130395,930 3.220541,935 3.006843,957 3.370416,990 3.531088,1000 interest
0 1.24103,5 0.972647,8 2.697235,15 1.362244,24 0.647429,47 1.699684,57 2.305494,69 1.482273,92 1.501352,107 2.844445,115 1.145021,178 3.418644,188 1.750887,223 2.035784,272 1.981805,319 2.533499,487 3.050635,911 3.006843,952 3.92656,1000 interest
2 1.080624,5 2.91794,13 3.078911,14 3.233703,15 0.586686,32 2.945052,35 1.500676,39 1.565484,47 4.771616,57 1.454605,69 2.349347,78 1.413648,97 1.746281,103 3.248353,115 1.145021,135 5.58633,141 2.074822,157 2.465489,161 2.008088,167 2.702612,172 2.12449,180 1.511092,181 2.923252,182 2.374554,184 1.891266,185 1.767252,191 6.962728,199 5.474445,264 6.152879,310 2.433833,312 4.147734,330 2.368895,359 2.821729,547 3.280853,854 3.473293,1000 interest
2 1.712749,8 2.137508,13 3.078911,15 1.516562,57 1.454605,58 0.660244,86 1.439698,92 1.501352,102 1.632256,115 1.145021,181 1.258976,188 1.750887,208 1.611162,235 1.590692,247 2.274228,265 2.491898,270 3.193411,992 3.5619,1000 interest
2 1.080624,47 3.946544,57 2.305494,72 1.264681,115 1.814816,131 1.902676,137 2.112709,164 3.300265,265 3.949565,272 3.141086,303 2.028476,314 3.386234,1000 interest
5 3.083217,8 1.348617,13 1.539455,15 1.362244,24 1.503284,31 1.899806,57 2.305494,58 1.706705,59 2.593253,68 1.400981,69 1.482273,86 1.439698,105 2.115213,161 2.008088,168 3.282687,169 2.346713,184 2.997585,188 3.501773,202 2.593162,205 1.88283,206 2.289135,207 1.46984,222 1.750887,245 3.312142,247 2.274228,266 2.446323,312 2.616929,318 3.097382,343 3.006843,1000 interest
2 3.033696,13 4.879958,14 2.562649,15 0.929876,20 3.527738,23 2.571741,28 1.436755,29 3.265386,30 1.611162,38 3.944399,39 4.394869,47 1.699684,54 1.463705,57 3.377488,60 1.278568,65 1.935842,81 1.88283,86 1.439698,93 3.009166,97 2.76779,103 2.049482,107 1.422223,109 1.536058,115 1.145021,128 1.998115,131 1.902676,150 1.601783,152 3.573834,180 3.508646,181 1.258976,191 8.080652,195 1.630311,203 2.144583,207 1.46984,208 4.164794,216 2.505489,218 1.86626,223 2.035784,231 1.691153,235 1.590692,238 4.67043,243 1.725926,244 1.728158,255 2.562689,265 3.949565,269 5.845575,279 2.54794,281 1.88004,288 2.44005,310 2.433833,336 2.421565,337 2.512387,525 3.531088,533 3.501588,546 13.561417,552 5.806538,642 4.181447,653 4.160584,751 4.108417,755 3.346917,820 3.663518,821 3.097382,869 3.302182,880 3.627964,1000 interest
0 3.933971,8 1.348617,20 1.519314,22 2.028476,23 1.622588,27 1.430905,28 1.436755,29 4.120458,31 1.899806,32 1.858121,35 0.946821,38 1.9722,54 1.463705,55 3.960283,57 1.454605,63 2.400218,65 3.871683,68 2.801961,69 2.349347,71 3.838089,90 1.721483,128 1.998115,140 1.874495,181 2.923252,231 1.691153,309 4.788386,333 4.988687,337 2.512387,389 7.392437,404 3.302182,433 2.843736,638 2.711793,743 3.700994,744 4.788386,805 3.594145,865 4.961559,939 5.46195,1000 interest
2 2.161249,13 1.539455,14 1.616852,15 0.929876,24 1.026151,34 3.091141,35 1.500676,41 2.259635,47 2.693935,57 1.454605,58 0.660244,60 2.026482,69 1.482273,96 2.936535,103 2.049482,115 2.658657,158 1.88004,185 1.767252,193 1.755523,195 1.630311,208 1.611162,210 2.555275,232 2.148672,266 2.446323,269 2.082236,303 2.028476,315 4.373886,319 2.533499,395 2.54794,730 3.20155,790 5.223994,797 3.006843,825 2.633239,872 2.952451,879 4.765733,937 3.346917,946 4.042353,1000 interest
8 2.137508,13 1.539455,15 2.029602,216 2.505489,270 2.014818,312 2.616929,538 5.596642,1000 interest
2 1.712749,13 1.539455,15 0.586686,210 2.555275,232 2.148672,247 2.274228,248 2.001423,437 2.675777,1000 interest
2 1.080624,4 1.174563,8 2.137508,13 5.11396,14 3.754213,15 1.362244,23 4.555181,35 1.893643,37 1.626439,38 3.944399,54 1.463705,57 2.90921,58 1.046461,63 1.514369,68 1.400981,81 1.88283,90 1.721483,91 4.314423,93 1.504583,101 1.66413,135 2.161087,157 2.465489,161 2.008088,167 2.702612,184 2.997585,187 2.250074,191 6.254231,193 1.755523,208 1.611162,214 2.173729,223 1.284437,231 2.680414,243 1.725926,248 2.001423,255 2.562689,269 4.164471,288 3.867387,310 2.433833,334 2.446323,395 2.54794,678 2.889963,773 3.663518,872 4.679523,1000 interest
2 1.080624,8 1.348617,13 3.574505,15 1.362244,47 2.693935,57 1.454605,58 0.660244,84 2.152786,91 1.858121,115 1.145021,118 2.104964,174 1.950293,188 1.750887,200 1.699684,205 1.88283,206 2.289135,234 2.616929,241 2.730527,265 2.491898,323 2.585417,840 3.147511,986 2.866464,1000 interest
2 2.161249,8 2.137508,14 2.562649,15 1.173373,23 1.622588,39 1.565484,81 1.88283,115 1.145021,141 3.288515,202 4.110064,387 2.979113,419 2.8004,491 3.346917,505 3.663518,1000 interest
1 1.061562,2 1.712749,13 1.539455,33 1.680634,35 1.500676,37 1.626439,39 1.565484,43 1.88563,52 2.354329,54 2.927411,57 1.454605,58 0.660244,68 1.400981,72 1.264681,78 1.413648,91 1.858121,101 1.66413,128 1.998115,131 1.902676,147 3.265386,152 2.254838,195 1.630311,223 1.284437,231 2.680414,288 2.44005,289 2.459041,419 2.8004,442 2.789976,723 4.269177,771 4.462494,1000 interest
2 1.712749,5 2.258416,13 1.539455,14 1.616852,15 0.929876,23 1.622588,39 1.565484,57 1.454605,58 1.046461,67 3.120835,72 1.264681,78 1.413648,81 1.88283,105 1.636552,241 2.730527,937 3.346917,1000 interest
8 1.348617,15 0.929876,115 1.145021,203 2.144583,247 2.274228,1000 interest
2 3.241873,5 1.541608,8 3.131393,13 3.574505,14 3.754213,15 1.647037,23 1.622588,35 2.447497,36 2.299254,43 2.988653,47 5.099051,57 3.377488,58 1.046461,69 1.482273,72 2.529362,78 2.827295,84 3.412085,97 1.746281,101 1.66413,102 1.632256,107 1.422223,136 2.702612,141 3.288515,157 5.724688,161 2.008088,181 1.258976,182 2.374554,193 1.755523,203 4.289166,208 3.222325,210 4.050015,232 4.297345,234 2.616929,241 5.461055,265 5.786008,300 2.821729,310 3.857534,353 2.711793,384 2.740088,447 2.769588,1000 interest
2 1.080624,8 2.137508,15 1.362244,24 0.647429,28 1.436755,31 3.011121,41 2.259635,96 2.936535,123 2.421565,133 2.156111,135 2.161087,181 2.517953,216 3.971107,245 2.089729,403 4.312836,1000 interest
8 2.137508,13 1.539455,15 0.929876,23 3.245176,31 1.899806,32 1.858121,35 2.198451,36 2.299254,53 2.190951,54 2.319918,57 3.377488,62 2.152786,63 1.514369,65 2.835957,68 2.220502,69 1.482273,72 1.264681,78 1.413648,90 1.721483,91 3.716242,93 2.384708,152 2.254838,181 2.517953,195 1.630311,204 2.330529,221 6.855378,248 6.00427,250 2.245343,267 2.001423,299 2.616929,319 2.533499,337 5.833581,389 5.266478,638 2.711793,751 4.108417,879 3.006843,928 2.889963,1000 interest
5 2.730564,28 1.436755,31 3.799611,32 1.858121,79 1.908452,90 1.721483,102 1.632256,105 2.297192,113 1.544583,153 2.471998,184 1.891266,213 2.067487,227 2.078519,268 2.40356,303 2.028476,467 5.074336,825 2.633239,1000 interest
8 1.348617,13 1.539455,14 1.616852,31 1.899806,47 1.699684,54 1.463705,57 1.454605,164 2.082236,205 1.88283,215 2.64154,223 1.284437,226 2.386011,247 2.274228,314 2.136476,798 2.625036,1000 interest
2 3.033696,5 1.541608,8 3.786048,13 3.078911,15 1.647037,24 1.294858,30 1.611162,34 4.528439,35 1.500676,47 3.399368,57 1.454605,58 0.660244,96 4.789283,158 2.979793,181 1.258976,208 1.611162,210 4.050015,232 2.148672,266 4.892645,352 2.625036,579 8.423871,825 2.633239,1000 interest
2 3.425498,5 1.541608,8 3.486125,13 5.696662,14 3.233703,15 1.516562,20 1.519314,27 1.430905,29 2.060229,31 1.899806,35 2.198451,38 1.9722,41 4.51927,54 1.463705,57 1.454605,58 0.660244,60 1.278568,65 1.935842,68 2.220502,72 1.264681,78 2.240578,91 1.858121,96 2.936535,105 0.818276,106 2.165276,115 2.658657,116 2.173729,133 1.360355,161 2.008088,181 2.923252,184 1.891266,187 2.250074,195 4.214293,206 3.628194,208 5.107264,210 2.555275,213 5.344377,216 2.505489,232 5.554238,266 4.892645,299 5.233858,303 2.028476,310 2.433833,315 9.167242,389 2.633239,395 2.54794,403 2.721097,431 3.220541,552 5.806538,679 2.577758,869 3.302182,872 4.679523,946 6.406978,996 3.370416,1000 interest
2 3.425498,5 1.945293,8 3.131393,13 3.574505,15 1.94893,24 0.647429,31 3.799611,35 2.658063,41 2.259635,47 1.699684,57 2.305494,96 5.558243,97 4.054739,103 4.758751,115 2.290042,133 1.360355,181 1.99543,184 1.891266,208 3.741003,210 2.555275,213 3.27689,232 4.989063,266 3.877329,298 2.325218,310 2.433833,315 6.407627,351 2.952451,359 2.821729,389 2.633239,418 4.835142,433 2.843736,456 3.021135,516 5.104437,552 3.663518,562 3.346917,653 2.625036,723 2.693551,841 3.594145,854 3.473293,879 3.006843,925 3.302182,930 3.220541,979 3.446107,1000 interest
5 2.91794,8 2.697235,13 1.539455,15 2.29212,24 1.294858,31 3.799611,32 1.858121,38 1.9722,60 2.026482,65 1.935842,72 2.004472,90 1.721483,105 2.83077,113 1.544583,120 2.40951,123 8.377237,133 2.156111,181 1.258976,403 6.318191,433 6.60295,465 5.045038,491 3.346917,1000 interest
8 2.697235,15 1.362244,31 1.899806,103 2.049482,123 6.259654,232 2.148672,280 3.472575,352 2.625036,491 5.304738,837 3.16506,1000 interest
2 1.080624,8 2.697235,13 1.539455,14 1.616852,15 0.586686,20 2.408056,28 1.436755,32 2.945052,35 2.198451,47 1.699684,65 1.935842,68 1.400981,90 2.728486,102 1.632256,115 1.145021,120 4.819019,180 1.511092,181 1.258976,189 3.745714,195 1.630311,203 2.144583,231 1.691153,232 2.148672,235 1.590692,247 4.548457,272 1.981805,337 2.512387,389 2.633239,641 3.419947,789 3.594145,854 3.473293,1000 interest
0 3.208015,8 3.131393,15 1.362244,22 3.215059,31 1.899806,35 2.658063,54 1.463705,57 2.305494,63 2.400218,65 2.835957,68 2.220502,69 1.482273,76 2.459041,90 2.728486,105 0.818276,115 1.814816,120 3.818982,122 2.028476,133 1.360355,136 2.702612,141 4.817588,181 1.99543,185 1.767252,204 2.330529,267 3.172181,337 2.512387,389 5.266478,641 3.419947,811 3.370416,926 3.982041,939 5.46195,1000 interest
5 1.541608,13 1.539455,15 1.173373,24 0.647429,47 1.699684,90 1.721483,115 1.814816,188 1.750887,1000 interest
8 1.348617,13 1.539455,31 1.899806,57 2.305494,70 1.490159,107 1.422223,128 1.998115,152 2.254838,181 1.99543,207 1.46984,675 3.324189,908 3.021135,1000 interest
8 1.348617,13 1.539455,29 2.060229,31 1.899806,32 1.858121,57 1.454605,58 0.660244,90 1.721483,140 1.874495,205 1.88283,215 4.186742,223 1.284437,226 2.386011,272 1.981805,314 2.136476,330 2.368895,662 2.789976,1000 interest
2 2.161249,5 2.258416,8 3.131393,14 3.754213,15 0.929876,23 1.622588,38 1.9722,47 6.947394,54 3.398619,57 3.760099,58 0.660244,60 1.278568,70 1.490159,105 1.636552,109 1.536058,112 1.806175,128 3.166937,131 1.902676,137 3.348564,150 1.601783,159 2.264465,164 2.082236,181 1.258976,193 1.755523,200 1.699684,207 4.659281,210 2.555275,218 1.86626,232 2.148672,265 2.491898,281 1.88004,303 4.056953,314 4.960744,538 3.531088,664 3.446107,669 4.263088,680 3.627964,700 3.740613,723 2.693551,724 3.663518,734 3.050635,752 3.097382,819 4.108417,845 6.066238,935 3.006843,960 3.663518,976 4.263088,979 5.46195,981 4.108417,982 4.462494,987 2.427672,996 3.370416,1000 interest
2 1.712749,15 0.586686,39 1.565484,150 1.601783,241 2.730527,433 2.843736,472 3.050635,872 2.952451,923 4.108417,1000 interest
2 1.080624,8 1.348617,15 0.929876,34 1.950293,115 1.145021,119 2.217613,196 2.021613,210 2.555275,247 2.274228,1000 interest
0 1.24103,5 0.972647,8 1.348617,15 1.173373,20 3.038628,23 1.622588,31 1.899806,32 1.858121,35 2.447497,38 3.125863,52 2.354329,57 1.454605,58 1.046461,60 1.278568,65 1.22138,72 1.264681,81 2.984214,90 1.721483,91 2.945052,101 1.66413,112 1.806175,113 1.544583,120 2.40951,141 3.288515,161 3.182745,181 1.258976,218 1.86626,231 2.680414,303 3.215059,357 2.693551,389 6.114192,395 2.54794,433 2.843736,458 3.050635,465 3.183065,500 3.82737,821 3.097382,854 3.473293,872 2.952451,925 3.302182,935 3.006843,939 3.446107,1000 interest
8 1.348617,15 0.586686,32 1.858121,47 1.699684,57 1.454605,68 2.220502,90 1.721483,120 3.818982,203 2.144583,247 3.604567,272 1.981805,330 2.368895,561 3.346917,1000 interest
2 2.509132,8 2.137508,13 4.618366,14 1.616852,15 1.362244,23 3.245176,39 1.565484,47 4.393619,57 1.454605,58 0.660244,69 1.482273,81 1.88283,93 1.504583,141 4.817588,161 2.008088,191 4.269177,203 3.399084,208 1.611162,210 5.110551,234 2.616929,243 1.725926,248 2.001423,255 5.950379,269 3.300265,270 2.014818,299 2.616929,310 2.433833,312 2.616929,384 2.740088,825 2.633239,872 2.952451,902 3.081447,1000 interest
2 1.080624,8 1.348617,13 3.078911,15 1.173373,35 0.946821,47 1.699684,48 1.544583,57 2.305494,157 2.465489,203 2.144583,210 4.050015,241 2.730527,266 2.446323,384 2.740088,910 3.473293,1000 interest
8 2.137508,13 1.539455,35 0.946821,47 1.699684,57 2.305494,68 1.400981,91 2.945052,197 2.485201,232 2.148672,247 2.274228,248 2.001423,1000 interest
2 3.738346,5 1.541608,8 1.348617,13 3.574505,15 1.760059,16 1.684823,33 1.680634,35 0.946821,52 1.485417,57 2.90921,58 1.533038,68 1.400981,105 0.818276,141 2.074822,157 2.465489,207 4.659281,223 1.284437,231 1.691153,238 3.188065,286 4.811516,303 2.028476,352 4.160584,395 2.54794,527 3.473293,731 3.5619,1000 interest
5 0.972647,15 0.929876,24 0.647429,38 1.9722,47 1.699684,102 1.632256,115 1.145021,133 1.360355,158 1.88004,181 1.99543,234 2.616929,241 2.730527,265 3.949565,273 2.730527,431 3.220541,433 2.843736,565 3.446107,825 2.633239,965 3.302182,1000 interest