276
16 1.684823,24 0.647429,88 2.386011,126 2.889963,348 3.394739,1000 earn
16 3.912037,24 2.052302,58 0.660244,88 2.386011,105 2.115213,126 4.580482,153 2.471998,206 2.289135,214 7.519866,248 2.001423,348 5.380534,599 5.995335,625 6.22345,1000 earn
16 1.684823,348 3.394739,1000 earn
16 1.684823,24 1.817563,88 3.781738,93 1.504583,126 2.889963,153 2.471998,348 3.394739,599 3.782635,625 3.92656,1000 earn
16 1.684823,24 1.026151,69 1.482273,88 3.781738,126 2.889963,153 2.471998,348 3.394739,1000 earn
16 1.684823,24 1.026151,30 1.611162,88 5.540146,105 1.296937,126 2.889963,127 2.30437,153 2.471998,184 1.891266,187 2.250074,251 2.832645,348 3.394739,1000 earn
2 1.080624,5 0.972647,16 1.684823,24 1.026151,88 3.781738,93 1.504583,126 2.889963,153 2.471998,206 2.289135,234 2.616929,1000 earn
16 3.912037,30 1.611162,88 7.158033,126 4.580482,153 2.471998,184 2.997585,245 2.089729,248 2.001423,582 3.82737,1000 earn
4 1.174563,16 1.684823,24 1.294858,58 0.660244,88 4.772022,105 1.296937,126 2.889963,153 2.471998,214 2.173729,251 2.832645,348 3.394739,1000 earn
11 5.382282,16 2.670381,24 2.150713,30 1.611162,58 1.046461,88 6.167749,105 0.818276,126 4.580482,127 2.30437,153 2.471998,214 4.347457,251 2.832645,348 5.380534,1000 earn
1 1.682535,2 3.241873,11 1.917208,13 2.439979,15 1.173373,16 1.684823,20 2.408056,24 1.503284,30 2.553632,51 1.994822,57 2.305494,68 1.400981,70 1.490159,72 1.264681,97 1.746281,100 5.016501,101 1.66413,127 2.30437,133 1.360355,151 3.589093,161 2.008088,172 2.12449,210 2.555275,248 2.001423,281 2.979793,421 2.721097,673 4.619034,679 2.577758,805 3.594145,815 3.021135,883 3.473293,1000 earn
4 1.174563,8 1.348617,12 3.873485,15 0.586686,16 2.670381,24 1.942287,28 1.436755,30 1.611162,58 1.320487,59 1.636161,74 5.140364,84 2.152786,86 1.439698,105 2.115213,127 2.30437,151 3.589093,169 2.346713,185 1.767252,193 3.511046,218 1.86626,222 1.750887,250 2.245343,266 2.446323,335 2.386011,341 2.939494,398 3.06587,426 2.902018,638 2.711793,793 2.740088,885 4.181447,1000 earn
5 1.541608,11 3.038702,16 1.684823,24 1.294858,84 2.152786,86 1.439698,93 1.504583,179 4.122478,186 2.309523,520 3.26016,1000 earn
5 1.541608,11 3.038702,15 1.362244,16 2.670381,28 1.436755,58 0.660244,68 1.400981,101 1.66413,181 1.258976,200 1.699684,243 1.725926,244 1.728158,281 2.979793,363 3.790931,596 3.446107,842 3.081447,867 2.939494,1000 earn
11 1.917208,15 0.586686,24 1.67358,34 1.950293,48 1.544583,50 2.161087,58 1.706705,77 2.226734,84 4.998614,105 1.296937,127 2.30437,185 1.767252,204 2.330529,244 1.728158,350 2.52639,653 2.625036,817 4.743541,1000 earn
4 1.861639,11 3.038702,15 1.362244,23 3.767533,24 1.503284,30 2.553632,34 1.950293,57 2.305494,58 1.046461,68 1.400981,96 4.301947,98 2.421565,129 2.64154,133 1.360355,151 2.264465,161 3.182745,222 1.750887,223 1.284437,235 1.590692,244 1.728158,245 2.089729,251 4.489636,271 2.600994,280 3.472575,634 3.875192,641 3.419947,1000 earn
4 1.861639,12 1.668219,15 1.173373,16 1.684823,24 1.294858,30 2.553632,58 1.046461,78 1.413648,97 1.746281,115 1.145021,145 3.147511,157 2.465489,193 3.511046,208 1.611162,214 3.445278,223 1.284437,251 2.832645,255 2.562689,303 2.028476,350 2.52639,547 3.280853,863 2.866464,1000 earn
2 2.161249,4 3.036202,5 3.083217,11 1.917208,15 1.173373,16 2.670381,24 2.798142,36 3.644232,47 2.693935,48 2.448107,58 1.046461,67 1.969027,85 4.568261,109 1.536058,114 2.042409,119 2.217613,150 1.601783,157 2.465489,179 4.122478,187 2.250074,188 1.750887,193 1.755523,196 2.021613,208 2.553632,214 6.102428,223 1.284437,227 2.078519,244 1.728158,245 2.089729,251 5.66529,255 2.562689,302 2.939494,303 3.215059,398 3.06587,673 2.914286,825 5.266478,973 3.26016,1000 earn
4 1.174563,12 2.644065,15 0.586686,16 1.684823,24 1.026151,58 0.660244,72 1.264681,102 2.587064,145 3.147511,193 2.782438,208 2.553632,214 3.445278,255 2.562689,267 2.001423,395 2.54794,1000 earn
4 1.174563,12 3.336439,15 0.586686,30 1.611162,78 1.413648,97 1.746281,115 1.145021,145 3.147511,193 1.755523,208 1.611162,255 2.562689,863 2.866464,1000 earn
88 4.772022,187 2.250074,193 1.755523,274 2.250074,481 2.979113,579 3.627964,987 2.427672,1000 earn
4 1.174563,12 3.336439,48 2.448107,74 4.073642,86 1.439698,97 1.746281,155 2.711793,188 1.750887,222 1.750887,267 2.001423,268 2.40356,346 2.44005,354 2.99284,418 3.050635,1000 earn
3 1.377668,4 1.861639,5 0.972647,11 3.038702,15 0.586686,16 1.684823,24 1.026151,35 1.500676,58 0.660244,63 1.514369,87 2.391811,118 2.104964,130 1.998115,174 1.950293,200 1.699684,208 1.611162,235 1.590692,244 1.728158,282 2.386011,287 2.939494,290 2.505489,350 2.52639,455 3.183065,672 3.782635,1000 earn
4 1.174563,5 1.541608,11 4.451618,12 1.668219,15 1.173373,16 2.670381,24 2.052302,48 1.544583,50 3.425242,58 2.092922,69 1.482273,84 2.152786,86 2.281867,97 2.76779,102 1.632256,105 1.899978,106 2.165276,111 2.485201,115 1.145021,127 3.65234,135 2.161087,142 2.64154,184 1.891266,193 1.755523,216 2.505489,218 1.86626,231 1.691153,243 1.725926,244 2.739066,245 2.089729,251 2.832645,257 2.031933,268 2.40356,319 2.533499,335 2.386011,435 2.914286,455 3.183065,733 2.702612,793 2.740088,885 4.181447,916 2.570182,1000 earn
11 1.917208,15 0.929876,16 1.684823,24 1.67358,30 1.611162,34 3.091141,50 2.161087,58 1.046461,68 2.801961,74 2.570182,84 2.152786,86 2.281867,96 3.705495,140 1.874495,151 2.264465,263 2.952451,280 3.472575,581 3.700994,793 4.342937,916 2.570182,1000 earn
0 1.966986,4 3.297416,5 0.972647,12 3.336439,15 0.586686,24 1.817563,28 1.436755,35 0.946821,42 2.12449,48 1.544583,58 1.320487,65 1.22138,74 4.073642,85 3.620261,105 2.115213,107 2.25417,114 3.237142,139 2.965654,141 2.074822,165 2.299254,166 2.667058,169 2.346713,208 1.611162,214 3.445278,218 2.957951,228 4.298089,241 2.730527,244 1.728158,248 2.001423,251 6.577198,259 1.935058,268 3.809552,310 2.433833,350 7.57917,363 3.790931,435 2.914286,549 3.26016,576 7.1238,675 3.324189,863 2.866464,888 3.302182,1000 earn
24 1.026151,34 1.950293,39 1.565484,58 0.660244,60 1.278568,84 2.152786,86 2.281867,96 1.852748,127 2.30437,200 1.699684,235 1.590692,263 2.952451,281 1.88004,363 2.391811,649 2.693551,662 2.789976,878 3.594145,1000 earn
4 1.174563,11 5.382282,16 3.369645,30 1.611162,88 4.772022,105 0.818276,126 4.580482,153 2.471998,214 3.445278,251 2.832645,1000 earn
2 1.712749,5 2.730564,11 1.917208,16 2.670381,48 1.544583,58 0.660244,84 2.152786,153 2.471998,184 1.891266,234 2.616929,238 2.011445,243 1.725926,255 2.562689,1000 earn
2 4.322498,11 3.038702,24 2.052302,28 1.436755,30 3.222325,43 1.88563,48 1.544583,58 0.660244,68 1.400981,88 3.781738,93 1.504583,102 1.632256,105 3.027981,151 2.264465,186 2.309523,203 2.144583,206 4.57827,214 3.445278,244 1.728158,245 3.312142,248 2.001423,251 2.832645,268 3.809552,274 2.250074,398 3.06587,421 2.721097,943 4.525078,973 3.26016,1000 earn
2 2.509132,5 1.541608,11 4.95591,16 3.912037,24 1.67358,48 1.544583,58 0.660244,88 6.167749,105 2.454828,126 7.470445,153 2.471998,184 2.997585,203 2.144583,206 4.57827,214 5.619007,245 2.089729,251 4.489636,274 2.250074,989 3.627964,1000 earn
5 1.541608,16 1.684823,24 1.026151,105 0.818276,153 2.471998,238 2.011445,255 2.562689,1000 earn
4 1.861639,5 1.945293,11 1.917208,15 0.586686,16 1.684823,24 1.294858,28 2.873509,48 3.586412,58 1.320487,63 1.514369,68 1.400981,105 1.636552,150 1.601783,179 4.122478,190 2.40356,218 1.86626,255 2.562689,256 2.491898,257 3.220538,268 2.40356,281 1.88004,290 2.505489,302 2.939494,354 4.743538,363 2.391811,520 3.26016,1000 earn
5 2.258416,8 1.348617,11 3.038702,12 1.668219,15 2.29212,16 1.684823,20 1.519314,23 1.622588,24 1.817563,28 1.436755,34 1.950293,35 0.946821,36 2.299254,58 0.660244,68 2.220502,78 1.413648,84 4.998614,86 3.342875,96 5.20132,105 0.818276,127 4.60874,161 2.008088,207 1.46984,244 2.739066,248 2.001423,263 2.952451,274 3.566283,300 4.472335,303 2.028476,354 2.99284,421 2.721097,1000 earn
4 2.349126,5 2.258416,11 1.917208,12 3.336439,15 1.362244,30 3.222325,34 1.950293,35 2.198451,68 1.400981,84 3.412085,86 2.281867,96 2.936535,97 2.76779,113 1.544583,115 1.145021,127 3.65234,133 1.360355,140 1.874495,222 1.750887,223 1.284437,243 1.725926,263 4.679523,301 3.021135,354 4.743538,359 2.821729,766 5.995335,799 2.821729,1000 earn
1 1.061562,4 3.723277,5 3.364805,11 5.382282,13 1.539455,15 1.647037,16 2.670381,20 2.408056,27 1.430905,28 2.277202,33 2.663742,45 3.431881,57 1.454605,58 1.046461,65 2.44276,68 1.400981,72 1.264681,74 4.073642,78 1.413648,80 2.259635,86 3.721565,101 1.66413,102 3.264511,127 3.65234,179 7.802982,185 1.767252,187 2.250074,207 3.412862,243 1.725926,248 4.647161,251 2.832645,255 2.562689,259 3.066994,264 6.682231,268 2.40356,274 2.250074,287 6.825294,288 4.880099,290 2.505489,301 7.014859,302 7.598482,363 3.790931,662 2.789976,907 3.663518,1000 earn
2 3.241873,5 1.945293,11 3.834415,15 1.94893,16 2.670381,24 2.052302,28 2.873509,30 1.611162,43 1.88563,57 1.454605,58 1.706705,68 1.400981,69 1.482273,72 1.264681,74 2.570182,84 3.412085,86 1.439698,93 1.504583,113 2.448107,114 3.237142,128 1.998115,151 3.589093,161 2.008088,185 1.767252,203 3.399084,223 1.284437,227 2.078519,255 2.562689,259 1.935058,264 7.545241,268 2.40356,269 2.082236,288 3.867387,302 7.598482,579 7.255928,673 2.914286,888 3.302182,916 4.073642,1000 earn
2 2.509132,24 1.026151,181 1.258976,214 2.173729,255 2.562689,264 2.380259,847 3.370416,1000 earn
2 2.509132,15 0.586686,24 0.647429,85 2.284131,255 2.562689,264 2.380259,441 3.20155,847 3.370416,863 2.866464,951 3.82737,1000 earn
1 1.061562,2 2.509132,4 1.861639,5 1.945293,11 1.917208,15 1.760059,24 2.464992,28 1.436755,30 1.611162,33 1.680634,43 3.771261,50 2.161087,57 2.90921,58 1.046461,67 1.969027,68 2.220502,70 1.490159,72 1.264681,84 4.998614,98 3.838089,102 2.587064,111 2.485201,114 2.042409,151 4.528931,161 2.008088,182 2.374554,188 1.750887,192 2.585417,193 1.755523,196 2.021613,210 2.555275,232 2.148672,243 2.735528,245 4.179458,251 4.489636,255 6.624454,264 7.907048,268 5.580893,269 2.082236,281 1.88004,288 2.44005,302 2.939494,334 2.446323,335 2.386011,398 3.06587,673 5.828572,825 2.633239,847 3.370416,911 3.006843,1000 earn
16 2.670381,58 0.660244,88 4.772022,105 0.818276,126 4.580482,214 6.890557,348 5.380534,599 3.782635,625 3.92656,1000 earn
0 1.24103,4 1.174563,11 3.038702,16 3.912037,22 2.028476,24 2.529434,30 1.611162,42 2.12449,52 1.485417,58 1.533038,63 1.514369,65 1.935842,68 1.400981,69 1.482273,86 2.879396,105 2.593874,113 1.544583,151 5.257926,184 1.891266,193 1.755523,218 1.86626,248 5.618706,259 3.066994,317 2.519353,440 2.914286,603 3.594145,649 4.269177,841 3.594145,917 3.92656,1000 earn
0 1.966986,4 1.174563,8 2.137508,11 3.038702,12 1.668219,15 0.929876,16 4.355203,24 2.646342,30 1.611162,42 3.367238,58 1.706705,65 1.22138,67 1.969027,68 1.400981,69 1.482273,74 7.215414,84 2.152786,85 3.620261,86 1.439698,101 1.66413,102 1.632256,105 2.297192,151 5.257926,184 1.891266,193 1.755523,218 1.86626,243 3.451852,244 2.739066,245 2.089729,248 5.173604,251 2.832645,259 1.935058,319 2.533499,323 2.585417,341 5.878988,366 3.240068,436 3.26016,481 2.979113,489 5.696585,576 5.645478,603 3.594145,917 3.92656,1000 earn
5 1.541608,58 0.660244,84 2.152786,85 2.284131,127 3.65234,180 1.511092,203 3.399084,421 2.721097,449 3.16506,1000 earn
4 2.349126,5 1.945293,24 0.647429,50 2.161087,58 1.320487,74 2.570182,86 2.281867,127 2.30437,140 1.874495,166 2.667058,206 2.289135,214 2.173729,218 2.957951,222 1.750887,267 2.001423,449 3.16506,649 2.693551,825 2.633239,987 3.847769,1000 earn
4 1.861639,12 1.668219,15 0.586686,23 2.571741,24 2.052302,28 2.277202,34 1.950293,43 1.88563,58 0.660244,84 4.998614,86 2.879396,96 1.852748,98 2.421565,113 1.544583,127 2.30437,154 1.852748,185 1.767252,193 1.755523,244 1.728158,263 2.952451,298 2.325218,303 2.028476,350 2.52639,541 3.220541,1000 earn
0 1.966986,4 1.174563,5 1.541608,11 3.834415,16 1.684823,19 1.788877,22 3.215059,24 1.67358,34 1.950293,42 3.367238,50 2.161087,58 0.660244,65 2.44276,74 2.570182,86 1.439698,97 2.76779,102 1.632256,105 1.296937,127 2.30437,139 2.965654,162 2.346713,163 2.64154,214 3.445278,244 1.728158,245 2.089729,251 4.489636,274 2.250074,301 3.021135,863 2.866464,1000 earn
0 2.482059,5 1.541608,11 3.834415,24 1.67358,34 1.950293,42 2.12449,57 1.454605,58 0.660244,84 2.152786,96 4.789283,102 1.632256,113 1.544583,127 2.30437,168 2.071145,185 1.767252,235 2.521187,263 2.952451,268 4.80712,435 2.914286,504 5.104437,827 3.130395,1000 earn
0 1.24103,11 1.917208,24 1.026151,58 1.320487,86 1.439698,96 2.936535,113 1.544583,127 2.30437,206 2.289135,208 1.611162,214 3.445278,223 1.284437,235 1.590692,243 1.725926,259 1.935058,263 2.952451,301 3.021135,371 3.220541,649 2.693551,795 3.782635,804 3.627964,987 2.427672,1000 earn
4 1.174563,5 3.083217,11 3.834415,16 2.670381,24 2.699731,34 1.950293,57 1.454605,96 3.705495,126 2.889963,153 2.471998,179 2.600994,184 1.891266,248 2.001423,268 2.40356,301 3.021135,418 3.050635,532 3.050635,1000 earn
4 2.727251,5 1.541608,11 4.95591,12 1.668219,15 1.362244,23 3.245176,24 0.647429,28 1.436755,29 3.265386,30 2.553632,34 3.091141,35 1.500676,58 0.660244,65 1.22138,68 2.220502,86 1.439698,96 2.936535,113 1.544583,115 1.145021,119 2.217613,127 3.65234,140 2.971004,151 2.264465,179 2.600994,187 2.250074,209 4.241006,214 2.173729,227 2.078519,235 1.590692,248 3.172181,263 2.952451,301 3.021135,421 2.721097,532 4.835142,679 2.577758,791 4.263088,798 2.625036,879 3.006843,964 3.594145,1000 earn
4 1.174563,24 1.026151,30 1.611162,58 0.660244,74 4.073642,85 3.620261,97 1.746281,180 1.511092,255 2.562689,389 2.633239,719 3.92656,1000 earn
12 2.644065,15 0.586686,24 0.647429,30 2.553632,35 0.946821,78 1.413648,85 3.620261,97 1.746281,113 1.544583,133 2.156111,193 1.755523,223 1.284437,398 3.06587,815 4.788386,1000 earn
2 1.080624,11 1.917208,15 0.586686,16 1.684823,24 0.647429,58 1.046461,119 3.514834,161 2.008088,203 2.144583,219 2.116614,223 1.284437,353 2.711793,421 2.721097,1000 earn
2 1.080624,4 3.52369,5 0.972647,12 2.644065,15 0.929876,16 2.670381,19 2.835302,24 1.817563,30 4.164794,57 1.454605,58 0.660244,74 4.073642,85 2.284131,97 2.76779,105 2.593874,119 2.217613,127 2.30437,133 1.360355,135 2.161087,151 3.589093,155 2.711793,158 2.979793,169 2.346713,180 1.511092,187 4.500149,188 1.750887,193 1.755523,207 4.409519,223 1.284437,245 2.089729,268 4.80712,289 2.459041,303 4.056953,346 3.867387,350 2.52639,352 4.160584,423 3.16506,481 4.721783,526 3.16506,752 3.097382,816 3.130395,1000 earn
2 4.590414,5 1.945293,14 1.616852,15 0.586686,24 0.647429,30 3.222325,47 7.345911,57 4.083592,58 1.046461,72 1.264681,85 2.284131,88 5.540146,97 1.746281,105 2.83077,113 3.586412,131 1.902676,140 2.971004,151 6.357158,159 7.178186,161 2.008088,181 1.99543,187 2.250074,232 2.148672,248 3.172181,253 9.039287,265 2.491898,281 1.88004,301 3.021135,649 2.693551,662 2.789976,744 3.021135,775 2.855007,815 3.021135,863 2.866464,1000 earn
4 1.174563,5 1.541608,11 4.451618,12 1.668219,15 1.362244,20 1.519314,23 2.571741,24 1.942287,30 2.553632,35 1.893643,48 1.544583,57 1.454605,58 1.706705,60 2.026482,84 4.305572,97 1.746281,101 1.66413,105 2.454828,142 4.186742,155 2.711793,161 2.008088,181 1.99543,218 1.86626,235 2.521187,259 1.935058,271 2.600994,285 3.081418,293 2.264465,395 2.54794,398 3.06587,437 6.916783,987 2.427672,1000 earn
2 4.221881,5 1.945293,11 1.917208,16 4.355203,24 2.464992,28 2.873509,30 1.611162,35 1.500676,47 1.699684,57 2.90921,58 1.853538,70 1.490159,88 6.167749,90 1.721483,93 2.384708,102 1.632256,105 3.41215,106 2.165276,127 2.30437,140 1.874495,151 3.589093,159 3.589093,187 6.750223,206 4.57827,214 3.445278,248 6.648584,256 2.491898,271 6.039321,440 2.914286,576 3.5619,579 3.627964,673 5.828572,888 5.233835,987 2.427672,1000 earn
0 1.24103,4 2.349126,11 3.834415,16 2.670381,17 2.049482,24 2.239737,28 1.436755,30 3.222325,57 1.454605,58 1.320487,65 1.22138,69 1.482273,88 4.772022,89 2.368895,105 2.718254,113 1.544583,151 2.264465,154 1.852748,185 1.767252,187 2.250074,195 1.630311,207 1.46984,214 4.347457,244 1.728158,245 2.089729,248 3.172181,268 3.809552,399 3.324189,437 4.241006,1000 earn
4 1.174563,5 3.364805,11 1.917208,15 0.929876,16 1.684823,27 1.430905,28 1.436755,58 0.660244,86 1.439698,101 1.66413,126 2.889963,147 5.783794,153 2.471998,243 1.725926,263 2.952451,268 2.40356,1000 earn
16 2.670381,88 3.781738,105 1.296937,126 2.889963,153 2.471998,184 1.891266,348 3.394739,1000 earn
4 1.174563,42 2.12449,45 2.165276,48 1.544583,85 2.284131,815 3.021135,970 3.594145,1000 earn
12 1.668219,15 0.586686,24 0.647429,34 1.950293,35 0.946821,58 1.046461,180 1.511092,207 1.46984,223 1.284437,235 1.590692,589 3.782635,737 3.5619,825 2.633239,973 3.26016,1000 earn
4 1.861639,11 3.038702,15 0.929876,20 1.519314,24 0.647429,30 2.553632,33 1.680634,58 1.046461,60 1.278568,105 2.297192,113 1.544583,117 2.421565,151 5.257926,214 2.173729,244 1.728158,251 4.489636,271 2.600994,346 2.44005,409 4.721783,858 6.142034,1000 earn
0 1.966986,4 3.036202,5 2.514255,11 1.917208,15 2.29212,16 2.670381,20 3.038628,22 2.028476,24 1.026151,28 2.873509,33 3.361269,58 2.284067,65 3.428847,68 1.400981,74 2.570182,80 2.259635,84 6.043635,97 1.746281,102 1.632256,105 2.297192,127 3.65234,133 2.156111,140 4.352443,147 2.060229,151 3.589093,161 2.008088,169 2.346713,179 2.600994,226 6.167749,235 1.590692,244 1.728158,288 2.44005,303 2.028476,315 2.759615,437 4.241006,745 3.875192,872 4.679523,928 2.889963,1000 earn
4 1.174563,5 2.258416,11 1.917208,12 1.668219,15 1.859752,16 2.670381,23 2.571741,24 1.294858,30 1.611162,48 2.448107,57 1.454605,58 1.853538,60 1.278568,65 1.22138,68 2.220502,74 2.570182,105 2.115213,140 1.874495,141 2.074822,169 2.346713,188 1.750887,203 2.144583,218 2.957951,243 1.725926,244 1.728158,249 4.405732,267 2.001423,339 2.386011,437 6.916783,971 3.594145,1000 earn
2 2.509132,4 1.174563,11 1.917208,16 1.684823,24 1.503284,35 0.946821,52 1.485417,85 2.284131,105 0.818276,153 2.471998,193 1.755523,267 2.001423,339 2.386011,388 3.050635,426 2.902018,1000 earn
16 1.684823,88 2.386011,126 2.889963,1000 earn
12 3.336439,24 1.503284,39 1.565484,48 1.544583,180 1.511092,193 1.755523,346 3.867387,398 3.06587,815 4.788386,1000 earn
4 2.349126,11 3.038702,15 1.362244,16 1.684823,23 1.622588,24 1.503284,58 2.092922,68 2.220502,105 2.115213,106 3.431881,154 4.301947,180 1.511092,223 1.284437,235 1.590692,244 1.728158,300 2.821729,353 4.298089,354 2.99284,481 2.979113,825 2.633239,960 3.663518,983 2.952451,1000 earn
0 1.966986,4 1.174563,11 1.917208,20 1.519314,24 1.294858,35 0.946821,51 1.994822,65 1.22138,113 1.544583,119 2.217613,127 2.30437,207 1.46984,214 3.445278,243 1.725926,255 2.562689,259 1.935058,267 3.172181,1000 earn
4 1.174563,5 1.945293,23 1.622588,24 1.503284,27 1.430905,28 1.436755,30 2.553632,35 1.893643,58 1.320487,84 3.412085,97 2.76779,105 2.297192,113 1.544583,127 2.30437,151 4.528931,182 3.763578,222 1.750887,223 1.284437,244 1.728158,245 2.089729,251 2.832645,267 4.002847,289 2.459041,303 2.028476,341 4.658988,405 2.832645,470 5.104437,576 5.645478,815 4.788386,1000 earn
2 4.322498,4 1.174563,11 4.451618,15 1.516562,16 2.670381,24 1.817563,28 2.277202,30 2.553632,35 0.946821,47 3.399368,50 2.161087,58 1.046461,60 3.589393,72 3.794044,86 2.879396,105 2.115213,140 1.874495,182 3.763578,188 1.750887,190 3.809552,203 2.144583,207 1.46984,208 1.611162,214 2.173729,218 1.86626,234 2.616929,244 2.739066,268 2.40356,302 2.939494,339 4.772022,352 2.625036,356 2.616929,423 3.16506,426 6.738276,431 3.220541,1000 earn
5 1.541608,12 1.668219,24 1.026151,67 1.969027,86 1.439698,119 2.217613,193 1.755523,203 2.144583,1000 earn
5 0.972647,11 3.038702,15 1.760059,19 1.788877,24 0.647429,30 3.741003,35 2.447497,58 1.533038,63 1.514369,79 1.908452,84 2.152786,86 1.439698,113 1.544583,152 2.254838,195 1.630311,200 1.699684,208 1.611162,267 2.001423,455 3.183065,573 3.501588,737 3.5619,744 3.021135,752 3.097382,798 2.625036,900 3.531088,1000 earn
4 1.174563,12 1.668219,30 1.611162,74 2.570182,97 2.76779,105 1.296937,133 1.360355,259 1.935058,293 2.264465,352 2.625036,418 3.050635,815 6.04227,1000 earn
11 3.038702,13 1.539455,20 2.408056,24 1.294858,30 1.611162,48 2.448107,57 1.454605,58 1.046461,65 1.935842,74 4.073642,105 0.818276,107 1.422223,112 1.806175,137 2.112709,145 8.136198,148 2.491898,151 2.264465,214 2.173729,235 1.590692,244 1.728158,251 2.832645,274 2.250074,290 2.505489,379 5.696585,426 2.902018,858 3.875192,987 2.427672,1000 earn
11 3.038702,13 1.539455,20 2.408056,24 1.942287,30 1.611162,48 2.448107,52 1.485417,57 1.454605,58 1.046461,65 1.935842,74 4.073642,78 1.413648,105 1.296937,107 1.422223,112 1.806175,137 2.112709,141 2.074822,145 9.977373,148 2.491898,151 2.264465,184 1.891266,214 3.445278,235 1.590692,244 2.739066,251 4.489636,274 2.250074,290 2.505489,379 5.696585,426 4.599589,435 2.914286,825 2.633239,858 6.142034,987 2.427672,1000 earn
2 1.712749,11 4.451618,12 1.668219,15 0.929876,16 2.670381,24 2.321009,28 2.277202,30 1.611162,58 1.046461,67 1.969027,68 1.400981,74 5.967778,85 5.303587,101 1.66413,115 1.145021,151 3.589093,180 1.511092,184 1.891266,185 1.767252,193 3.511046,255 2.562689,264 7.907048,271 4.122478,302 4.658988,445 2.878114,840 3.147511,917 3.92656,1000 earn
2 3.738346,5 2.514255,11 5.382282,12 1.668219,13 1.539455,15 2.029602,23 2.571741,24 1.503284,28 4.554404,33 2.663742,39 1.565484,43 4.378298,47 3.946544,50 2.161087,57 3.377488,58 2.284067,60 1.278568,69 1.482273,70 1.490159,78 1.413648,84 4.305572,86 2.879396,93 1.504583,97 1.746281,101 1.66413,102 2.587064,113 2.448107,114 4.084819,127 3.65234,128 3.996229,151 4.528931,161 3.182745,174 1.950293,184 1.891266,193 1.755523,200 1.699684,203 3.399084,206 2.289135,218 2.957951,227 2.078519,245 3.312142,248 2.001423,251 2.832645,255 5.125377,259 1.935058,264 7.140776,266 2.446323,268 7.210679,269 3.300265,271 2.600994,293 2.264465,302 6.825294,653 2.625036,673 6.766763,677 3.875192,816 3.130395,1000 earn
16 2.670381,24 2.052302,88 5.540146,126 4.580482,214 6.890557,348 5.380534,1000 earn
11 5.382282,16 2.670381,24 1.294858,58 1.320487,88 3.781738,105 1.636552,126 4.580482,153 2.471998,184 1.891266,214 4.347457,348 5.380534,1000 earn
1 1.061562,4 1.861639,5 1.541608,11 3.038702,24 1.294858,35 1.893643,54 1.463705,58 1.853538,62 3.412085,63 1.514369,65 1.22138,91 1.858121,98 2.421565,105 2.115213,109 1.536058,119 2.217613,127 3.65234,133 1.360355,150 1.601783,151 3.589093,174 1.950293,200 1.699684,244 1.728158,268 4.80712,269 2.082236,274 2.250074,281 1.88004,288 2.44005,290 3.971107,363 2.391811,679 2.577758,737 3.5619,865 3.130395,987 2.427672,1000 earn
0 1.24103,2 3.738346,4 1.174563,5 0.972647,12 3.336439,14 1.616852,15 0.586686,16 3.369645,24 2.239737,28 1.436755,30 2.553632,35 0.946821,47 3.946544,48 2.448107,52 1.485417,57 1.454605,58 1.046461,84 3.412085,88 3.781738,90 1.721483,105 2.593874,107 1.422223,119 2.217613,131 1.902676,159 5.853558,184 1.891266,187 4.500149,203 4.289166,206 2.289135,208 1.611162,210 2.555275,214 2.173729,223 1.284437,235 1.590692,241 2.730527,248 2.001423,257 2.031933,263 4.679523,267 4.002847,268 2.40356,274 2.250074,275 2.433833,285 3.081418,303 2.028476,310 2.433833,335 2.386011,346 2.44005,354 2.99284,373 2.779707,411 2.749783,649 2.693551,852 3.419947,1000 earn
4 1.174563,11 1.917208,24 1.026151,30 1.611162,48 1.544583,88 2.386011,97 1.746281,105 1.636552,113 1.544583,180 1.511092,244 1.728158,251 2.832645,398 3.06587,435 2.914286,746 3.346917,815 3.021135,1000 earn
4 1.861639,5 0.972647,8 2.137508,11 1.917208,13 1.539455,15 0.929876,16 5.054468,18 2.335882,24 3.006567,28 1.436755,30 3.222325,44 2.866464,51 1.994822,57 2.305494,58 1.706705,65 1.22138,72 2.004472,74 5.967778,78 2.240578,81 1.88283,85 3.620261,86 2.281867,105 2.933489,112 1.806175,141 2.074822,147 2.060229,151 6.793396,166 4.227187,184 4.888851,193 1.755523,206 2.289135,207 1.46984,214 4.347457,227 2.078519,235 2.521187,244 1.728158,250 2.245343,251 4.489636,285 1.944158,303 4.056953,319 4.015501,323 2.585417,421 2.721097,423 3.16506,435 2.914286,466 3.531088,467 3.20155,481 2.979113,489 3.594145,576 3.5619,673 2.914286,775 2.855007,1000 earn
2 2.509132,5 2.514255,8 2.137508,11 1.917208,12 2.644065,15 1.362244,16 1.684823,23 1.622588,24 1.294858,28 2.277202,30 2.553632,57 1.454605,58 1.706705,70 1.490159,72 2.004472,74 5.140364,78 1.413648,84 4.998614,86 2.281867,113 2.448107,115 1.145021,119 2.217613,127 2.30437,140 3.74899,182 2.374554,193 2.782438,203 3.399084,210 5.110551,214 2.173729,218 2.957951,222 1.750887,227 3.294375,255 2.562689,268 2.40356,275 2.433833,302 2.939494,319 2.533499,356 2.616929,395 2.54794,411 2.749783,449 5.016501,507 3.081447,576 3.5619,600 3.740613,673 2.914286,733 2.702612,987 3.847769,1000 earn
16 2.670381,24 1.294858,88 5.540146,126 4.580482,582 3.82737,1000 earn
2 3.589756,5 3.703211,12 2.644065,15 1.362244,20 1.519314,24 1.026151,28 2.873509,30 1.611162,33 1.680634,43 1.88563,47 1.699684,57 2.305494,58 1.320487,60 2.026482,68 2.220502,70 1.490159,74 4.073642,84 7.447416,86 4.041743,102 1.632256,114 3.237142,119 2.217613,151 6.793396,161 4.016176,182 2.374554,203 2.144583,223 1.284437,227 2.078519,243 2.735528,251 4.489636,255 2.562689,259 3.870116,264 7.907048,268 6.747645,269 4.164471,288 3.867387,302 5.878988,341 2.939494,388 4.835142,576 3.5619,596 3.446107,673 5.828572,677 3.875192,729 3.220541,763 4.181447,864 3.92656,883 3.473293,911 3.006843,1000 earn
11 3.038702,16 2.670381,88 5.540146,126 4.580482,214 6.102428,582 3.82737,1000 earn
4 1.174563,12 2.644065,85 2.284131,97 2.76779,105 0.818276,180 1.511092,481 2.979113,526 3.16506,815 7.014859,1000 earn
2 2.509132,12 3.336439,28 1.436755,30 1.611162,35 0.946821,47 1.699684,85 3.620261,103 2.049482,255 4.061765,264 2.380259,269 2.082236,288 2.44005,1000 earn
8 1.348617,11 3.038702,16 2.670381,20 3.038628,24 0.647429,84 3.412085,102 1.632256,140 1.874495,179 4.122478,223 1.284437,353 2.711793,520 3.26016,1000 earn
4 2.349126,5 0.972647,15 0.586686,24 0.647429,48 2.448107,58 0.660244,86 1.439698,105 1.296937,127 2.30437,169 2.346713,235 1.590692,1000 earn
11 1.917208,16 1.684823,22 2.028476,23 1.622588,24 1.026151,35 0.946821,42 2.12449,48 1.544583,58 1.320487,62 2.152786,65 1.935842,113 1.544583,127 2.30437,222 1.750887,244 1.728158,274 2.250074,344 3.050635,679 2.577758,735 4.58887,953 3.875192,1000 earn
8 1.348617,13 1.539455,15 1.647037,20 1.519314,52 1.485417,57 1.454605,58 1.046461,68 1.400981,78 2.240578,84 3.412085,97 1.746281,113 1.544583,138 3.790931,140 2.971004,147 4.120458,151 2.264465,243 4.007476,250 2.245343,267 2.001423,275 2.433833,652 3.26016,793 4.342937,1000 earn
4 1.861639,11 3.834415,12 1.668219,15 1.647037,16 4.355203,23 1.622588,24 1.942287,28 1.436755,34 1.950293,57 1.454605,58 1.046461,68 2.220502,74 2.570182,86 2.281867,98 2.421565,105 0.818276,127 2.30437,151 5.257926,182 2.374554,184 3.782531,193 1.755523,235 1.590692,243 1.725926,244 1.728158,245 2.089729,251 2.832645,298 2.325218,301 3.021135,423 5.016501,643 3.627964,894 4.263088,1000 earn
4 2.349126,12 3.336439,30 2.553632,60 1.278568,84 2.152786,85 2.284131,97 2.76779,105 2.115213,114 3.237142,180 1.511092,193 1.755523,259 1.935058,346 2.44005,719 6.22345,780 5.505038,815 6.04227,1000 earn
105 1.296937,115 1.145021,187 2.250074,193 1.755523,418 3.050635,433 2.843736,1000 earn
88 3.781738,217 3.097382,259 1.935058,271 2.600994,418 3.050635,1000 earn
0 1.24103,5 1.541608,11 1.917208,16 2.670381,20 1.519314,24 0.647429,47 1.699684,58 1.046461,65 1.22138,113 1.544583,214 4.347457,267 2.001423,276 3.097382,455 3.183065,847 3.370416,987 2.427672,1000 earn
88 3.781738,153 2.471998,187 2.250074,217 3.097382,259 1.935058,271 2.600994,489 3.594145,515 3.700994,531 3.663518,563 3.700994,1000 earn
88 3.781738,153 2.471998,187 2.250074,217 3.097382,259 1.935058,271 2.600994,489 3.594145,515 3.700994,531 3.663518,563 3.700994,1000 earn
88 3.781738,153 2.471998,187 2.250074,217 3.097382,259 1.935058,271 2.600994,489 3.594145,515 3.700994,531 3.663518,563 3.700994,1000 earn
88 3.781738,153 2.471998,187 2.250074,217 3.097382,259 1.935058,271 2.600994,489 3.594145,515 3.700994,531 3.663518,563 3.700994,1000 earn
88 3.781738,153 2.471998,187 2.250074,217 3.097382,259 1.935058,271 2.600994,489 3.594145,515 3.700994,531 3.663518,563 3.700994,1000 earn
88 3.781738,153 2.471998,187 2.250074,217 3.097382,259 1.935058,271 2.600994,489 3.594145,515 3.700994,531 3.663518,563 3.700994,1000 earn
88 3.781738,153 2.471998,187 2.250074,217 3.097382,259 1.935058,271 2.600994,489 3.594145,515 3.700994,531 3.663518,563 3.700994,1000 earn
88 3.781738,153 2.471998,187 2.250074,217 3.097382,259 1.935058,271 2.600994,489 3.594145,515 3.700994,531 3.663518,1000 earn
4 2.349126,5 1.541608,24 1.294858,48 1.544583,85 2.284131,98 2.421565,105 2.115213,113 2.448107,127 3.65234,142 2.64154,151 2.264465,180 1.511092,214 2.173729,268 2.40356,481 2.979113,549 3.26016,981 4.108417,1000 earn
4 2.349126,15 0.929876,30 1.611162,48 1.544583,58 0.660244,69 1.482273,74 5.140364,85 2.284131,97 2.76779,98 2.421565,105 0.818276,142 4.186742,158 2.979793,180 1.511092,181 1.258976,223 1.284437,635 4.263088,746 3.346917,989 3.627964,1000 earn
15 0.586686,28 1.436755,30 1.611162,48 1.544583,58 1.046461,68 1.400981,74 2.570182,84 2.152786,88 2.386011,127 2.30437,151 2.264465,166 4.227187,196 2.021613,244 1.728158,1000 earn
16 1.684823,24 2.052302,85 2.284131,88 3.781738,126 2.889963,184 1.891266,217 3.097382,301 3.021135,1000 earn
4 1.861639,5 2.258416,11 3.038702,12 3.336439,15 0.586686,16 2.670381,28 1.436755,48 1.544583,58 1.046461,84 3.412085,113 1.544583,115 1.145021,180 1.511092,185 2.801028,193 1.755523,223 1.284437,227 2.078519,245 4.179458,251 4.489636,419 2.8004,435 2.914286,649 2.693551,1000 earn
11 3.038702,24 1.026151,28 1.436755,58 0.660244,69 1.482273,105 1.296937,127 2.30437,151 2.264465,244 1.728158,248 3.172181,267 2.001423,1000 earn
4 1.174563,24 0.647429,48 2.448107,58 0.660244,105 0.818276,222 1.750887,274 3.566283,662 2.789976,763 4.181447,1000 earn
0 1.966986,1 1.682535,5 1.541608,15 1.760059,20 2.408056,22 2.028476,25 1.485417,27 3.698836,52 1.485417,54 1.463705,58 1.046461,63 1.514369,65 1.935842,72 1.264681,78 1.413648,84 2.152786,102 1.632256,133 1.360355,151 3.589093,179 5.201988,198 3.573834,207 1.46984,223 1.284437,227 2.078519,235 4.111879,238 3.188065,243 1.725926,255 2.562689,264 3.772621,268 3.809552,269 2.082236,270 2.014818,288 2.44005,363 2.391811,485 3.006843,679 2.577758,1000 earn
4 1.174563,24 1.026151,34 1.950293,58 0.660244,60 1.278568,91 1.858121,96 2.936535,127 3.65234,214 2.173729,251 2.832645,274 2.250074,435 2.914286,662 2.789976,908 3.021135,1000 earn
3 1.377668,4 1.174563,11 1.917208,16 1.684823,18 4.671764,24 2.395772,63 1.514369,133 1.360355,153 2.471998,184 1.891266,440 2.914286,599 3.782635,1000 earn
4 1.174563,5 2.258416,11 3.038702,12 1.668219,16 3.912037,58 1.046461,74 2.570182,127 2.30437,153 2.471998,445 2.878114,449 3.16506,455 3.183065,1000 earn
4 1.174563,11 3.834415,24 2.529434,34 1.950293,57 1.454605,58 0.660244,60 2.026482,96 5.873071,126 2.889963,153 2.471998,184 1.891266,187 2.250074,214 4.347457,217 3.097382,218 1.86626,251 2.832645,263 2.952451,312 2.616929,418 3.050635,673 2.914286,1000 earn
4 1.861639,11 1.917208,15 0.586686,16 1.684823,23 1.622588,28 1.436755,30 3.222325,58 1.046461,88 2.386011,105 1.636552,140 1.874495,151 3.589093,244 1.728158,1000 earn
2 1.080624,4 2.727251,5 1.945293,8 3.786048,24 2.052302,47 1.699684,58 0.660244,67 1.969027,69 1.482273,77 7.39705,84 2.152786,105 2.593874,109 5.102673,113 1.544583,268 3.809552,289 2.459041,303 2.028476,319 2.533499,748 4.042353,752 3.097382,944 4.743541,1000 earn
4 1.861639,20 1.519314,27 1.430905,30 1.611162,48 1.544583,54 1.463705,58 1.533038,63 1.514369,65 1.22138,84 2.152786,88 2.386011,109 1.536058,150 1.601783,151 2.264465,154 1.852748,174 1.950293,200 1.699684,207 2.329641,244 1.728158,290 2.505489,339 2.386011,636 4.462494,908 3.021135,1000 earn
4 1.861639,5 1.541608,11 1.917208,12 1.668219,15 0.586686,16 1.684823,24 2.150713,28 1.436755,30 1.611162,34 1.950293,58 1.320487,84 2.152786,85 2.284131,86 1.439698,96 4.301947,98 2.421565,127 3.65234,133 2.156111,141 3.288515,179 2.600994,182 2.374554,185 1.767252,193 1.755523,218 1.86626,222 1.750887,250 2.245343,257 2.031933,301 3.021135,398 3.06587,423 3.16506,1000 earn
4 1.861639,5 1.541608,11 3.038702,15 1.173373,16 1.684823,24 1.817563,34 1.950293,74 2.570182,119 2.217613,126 2.889963,184 1.891266,217 3.097382,263 2.952451,418 3.050635,1000 earn
1 1.061562,2 4.590414,5 2.91794,8 1.348617,11 5.382282,13 1.539455,15 2.29212,16 3.912037,23 1.622588,24 1.503284,28 3.336041,30 1.611162,35 0.946821,36 2.299254,47 3.399368,48 1.544583,50 3.425242,57 2.90921,58 2.193281,62 2.152786,67 3.120835,68 1.400981,72 1.264681,74 4.073642,84 2.152786,86 2.879396,89 3.75461,91 2.945052,101 1.66413,102 1.632256,105 2.83077,113 1.544583,119 2.217613,127 3.65234,132 2.478568,140 3.74899,141 2.074822,151 2.264465,161 4.016176,169 3.719452,185 1.767252,187 2.250074,188 2.775089,193 1.755523,195 1.630311,203 3.399084,208 1.611162,214 2.173729,226 2.386011,234 2.616929,247 2.274228,266 2.446323,281 1.88004,298 2.325218,300 2.821729,339 3.781738,341 4.658988,354 2.99284,386 3.16506,437 2.675777,470 3.220541,579 3.627964,673 5.828572,825 2.633239,865 3.130395,879 4.765733,919 3.021135,987 2.427672,1000 earn
4 2.349126,5 2.730564,11 1.917208,28 1.436755,84 2.152786,86 2.281867,102 2.587064,179 4.122478,255 2.562689,264 4.760517,301 4.788386,302 4.658988,1000 earn
0 1.24103,4 1.861639,5 3.083217,11 3.038702,15 0.929876,16 1.684823,20 2.408056,22 2.028476,24 0.647429,28 2.277202,48 3.586412,57 1.454605,58 1.320487,65 2.835957,68 2.220502,69 1.482273,72 2.004472,74 2.570182,80 3.581437,84 3.412085,86 2.281867,98 2.421565,101 1.66413,102 2.587064,127 2.30437,151 3.589093,179 5.201988,182 2.374554,185 1.767252,193 2.782438,207 1.46984,218 1.86626,222 1.750887,238 2.011445,243 4.461454,245 2.089729,248 2.001423,251 2.832645,255 2.562689,263 5.904901,264 6.152879,281 2.979793,287 4.658988,288 2.44005,302 4.658988,377 2.779707,421 2.721097,1000 earn
4 3.297416,5 0.972647,15 1.362244,24 0.647429,35 1.500676,48 1.544583,57 1.454605,84 2.152786,105 1.296937,115 1.145021,154 1.852748,158 1.88004,169 2.346713,222 2.775089,223 1.284437,235 1.590692,245 2.089729,292 2.585417,303 2.028476,409 5.958227,441 3.20155,458 3.050635,481 2.979113,804 3.627964,1000 earn
2 1.080624,16 1.684823,24 0.647429,48 1.544583,58 0.660244,98 2.421565,119 2.217613,127 2.30437,153 2.471998,203 2.144583,1000 earn
3 2.183552,4 1.861639,5 1.541608,8 1.348617,11 1.917208,15 0.929876,20 2.408056,22 2.028476,24 2.321009,45 2.165276,58 0.660244,63 2.400218,84 2.152786,145 3.147511,179 4.122478,214 3.445278,243 2.735528,244 1.728158,251 2.832645,268 2.40356,287 2.939494,520 3.26016,1000 earn
4 1.174563,5 0.972647,11 4.95591,12 4.312285,15 0.586686,24 2.589716,30 4.523104,42 2.12449,57 1.454605,58 1.706705,78 1.413648,88 2.386011,97 1.746281,105 3.649046,113 1.544583,115 1.145021,119 2.217613,214 2.173729,218 1.86626,244 1.728158,250 2.245343,268 6.213112,271 2.600994,346 3.867387,350 2.52639,411 2.749783,576 3.5619,863 2.866464,1000 earn
0 1.24103,1 1.061562,4 2.349126,5 1.945293,12 3.873485,15 1.362244,19 1.788877,23 1.622588,24 1.817563,30 4.523104,34 1.950293,35 0.946821,36 2.299254,50 3.425242,57 1.454605,58 1.706705,60 1.278568,62 2.152786,74 4.073642,78 1.413648,84 3.412085,85 2.284131,91 1.858121,97 2.76779,101 1.66413,105 2.454828,113 1.544583,127 2.30437,140 1.874495,151 2.264465,182 3.763578,206 3.628194,244 1.728158,245 4.179458,251 2.832645,267 2.001423,285 1.944158,298 2.325218,300 2.821729,305 2.789976,339 2.386011,341 4.658988,421 2.721097,470 6.441082,576 3.5619,623 3.82737,815 4.788386,820 3.663518,937 3.346917,1000 earn
4 1.861639,11 1.917208,12 2.644065,16 2.670381,24 1.67358,30 1.611162,48 1.544583,58 1.320487,60 1.278568,88 2.386011,105 1.636552,127 3.65234,151 2.264465,206 2.289135,271 4.122478,346 2.44005,352 2.625036,1000 earn
30 1.611162,85 2.284131,180 1.511092,346 2.44005,815 3.021135,1000 earn
4 1.174563,5 1.541608,11 1.917208,20 1.519314,23 1.622588,24 1.294858,28 2.277202,58 1.046461,105 1.899978,133 1.360355,151 3.589093,154 2.936535,244 1.728158,248 3.172181,251 2.832645,864 3.92656,916 2.570182,1000 earn
4 1.861639,5 2.514255,8 1.348617,9 2.284131,11 3.834415,15 2.103249,16 2.670381,23 2.571741,24 1.503284,28 2.277202,30 3.222325,33 2.663742,35 1.500676,54 1.463705,58 1.320487,65 1.22138,74 2.570182,84 2.152786,86 3.342875,93 1.504583,102 1.632256,106 2.165276,113 1.544583,127 2.30437,179 5.201988,184 2.997585,238 3.188065,244 1.728158,250 2.245343,255 2.562689,354 5.985679,850 7.518335,943 2.855007,1000 earn
11 3.038702,12 1.668219,15 1.647037,16 2.670381,20 1.519314,23 2.571741,24 1.503284,34 1.950293,35 0.946821,51 1.994822,58 1.046461,63 1.514369,65 1.22138,78 1.413648,84 2.152786,86 1.439698,96 3.705495,97 1.746281,103 2.049482,112 1.806175,114 2.042409,127 2.30437,133 2.156111,179 4.122478,188 1.750887,193 1.755523,195 1.630311,219 2.116614,223 1.284437,267 2.001423,269 2.082236,301 4.788386,795 3.782635,878 3.594145,1000 earn
15 1.760059,20 1.519314,52 1.485417,58 1.533038,68 2.801961,69 1.482273,84 2.152786,147 4.120458,151 5.853558,165 2.299254,188 2.775089,222 3.501773,248 2.001423,289 2.459041,353 2.711793,679 2.577758,744 3.021135,1000 earn
5 2.258416,11 1.917208,15 2.029602,23 1.622588,24 0.647429,28 1.436755,52 1.485417,54 1.463705,58 0.660244,68 2.220502,84 3.412085,91 2.945052,102 2.587064,112 1.806175,113 1.544583,147 5.325615,151 2.264465,183 2.952451,188 1.750887,193 1.755523,243 3.451852,248 5.618706,250 2.245343,1000 earn
8 2.137508,15 1.859752,20 1.519314,58 1.980731,63 1.514369,65 1.22138,68 3.252976,78 1.413648,83 2.108825,84 4.305572,91 1.858121,112 1.806175,113 1.544583,138 3.790931,140 2.971004,147 4.783704,151 2.264465,161 2.008088,183 2.952451,243 2.735528,649 2.693551,775 2.855007,793 5.480176,878 3.594145,1000 earn
0 1.966986,4 1.174563,5 1.945293,12 3.873485,15 1.173373,16 1.684823,24 1.026151,28 1.436755,30 3.741003,35 0.946821,50 2.161087,52 1.485417,58 1.320487,60 2.026482,65 1.22138,74 4.073642,84 2.152786,85 3.620261,86 3.342875,97 1.746281,105 2.297192,127 2.30437,133 1.360355,141 2.074822,160 2.346713,165 2.299254,182 5.513543,218 1.86626,222 1.750887,227 2.078519,231 1.691153,267 5.173604,274 2.250074,289 2.459041,303 2.028476,341 2.939494,421 2.721097,437 2.675777,445 4.561702,451 3.346917,526 3.16506,549 3.26016,719 3.92656,746 3.346917,1000 earn
4 2.349126,5 0.972647,11 1.917208,15 1.362244,16 3.369645,24 2.646342,30 3.222325,50 4.322175,57 2.305494,58 1.533038,60 1.278568,74 2.570182,83 2.108825,84 4.305572,86 1.439698,97 2.76779,105 3.027981,151 4.528931,160 6.066164,182 4.749107,185 1.767252,187 3.566283,226 2.386011,243 1.725926,244 1.728158,259 1.935058,267 4.647161,301 3.021135,303 3.215059,335 3.781738,354 2.99284,451 8.651655,816 3.130395,910 3.473293,1000 earn
4 1.174563,5 2.258416,15 0.929876,23 1.622588,24 1.026151,28 2.277202,30 1.611162,35 0.946821,58 1.046461,93 1.504583,105 2.297192,140 1.874495,151 3.589093,154 2.936535,223 1.284437,235 2.521187,248 2.001423,354 2.99284,744 3.021135,1000 earn
4 1.174563,12 1.668219,15 0.586686,24 0.647429,39 1.565484,74 4.073642,78 1.413648,97 2.76779,161 2.008088,346 2.44005,910 3.473293,1000 earn
11 3.038702,15 0.586686,16 2.670381,18 4.671764,24 1.294858,28 2.277202,63 1.514369,65 1.22138,68 1.400981,105 1.296937,130 1.998115,139 2.965654,212 6.520321,230 2.8004,244 1.728158,363 2.391811,466 3.531088,1000 earn
15 0.586686,18 2.335882,97 1.746281,230 4.438529,346 2.44005,398 3.06587,746 3.346917,815 4.788386,1000 earn
1 1.061562,5 1.541608,23 1.622588,24 1.026151,58 1.046461,84 3.412085,179 4.122478,223 1.284437,244 1.728158,255 2.562689,264 5.526789,354 2.99284,916 2.570182,1000 earn
4 1.861639,11 5.382282,15 0.929876,16 2.670381,20 1.519314,24 1.026151,30 1.611162,60 1.278568,65 1.935842,67 3.938055,74 2.570182,86 2.879396,101 2.637584,102 1.632256,133 1.360355,185 1.767252,193 1.755523,243 1.725926,248 2.001423,264 3.772621,287 2.939494,288 3.867387,433 2.843736,445 2.878114,1000 earn
0 1.24103,1 1.061562,5 3.59922,8 1.348617,13 1.539455,15 1.94893,20 1.519314,23 1.622588,24 0.647429,28 1.436755,35 1.500676,58 1.980731,72 2.529362,78 1.413648,86 3.721565,101 1.66413,102 1.632256,127 2.30437,133 1.360355,179 2.600994,185 2.801028,222 1.750887,243 1.725926,264 6.682231,287 2.939494,288 2.44005,300 2.821729,354 2.99284,421 2.721097,920 2.939494,1000 earn
2 1.712749,5 2.514255,11 3.834415,13 1.539455,15 2.103249,16 2.670381,20 2.408056,23 1.622588,24 1.503284,28 1.436755,30 1.611162,33 1.680634,50 2.161087,57 2.305494,58 1.320487,68 2.220502,72 2.004472,74 5.140364,84 3.412085,90 1.721483,96 1.852748,101 1.66413,113 1.544583,127 2.30437,151 2.264465,193 2.782438,210 2.555275,213 2.067487,219 2.116614,223 1.284437,227 4.157038,243 1.725926,255 2.562689,259 1.935058,288 2.44005,564 3.446107,733 2.702612,745 3.875192,789 3.594145,1000 earn
0 3.484011,4 2.727251,8 1.348617,11 3.038702,12 1.668219,15 0.586686,16 1.684823,21 2.259635,24 1.67358,34 1.950293,58 1.320487,65 2.44276,67 3.120835,68 1.400981,86 1.439698,96 3.705495,127 2.30437,163 4.186742,165 2.299254,168 2.071145,193 1.755523,208 1.611162,219 2.116614,244 1.728158,259 1.935058,263 2.952451,268 2.40356,303 2.028476,440 2.914286,575 3.473293,859 4.462494,901 4.355645,1000 earn
4 2.727251,11 3.038702,12 1.668219,24 1.817563,30 4.164794,48 3.586412,58 1.320487,86 2.281867,88 5.540146,105 1.899978,111 2.485201,113 1.544583,151 2.264465,180 1.511092,193 2.782438,222 1.750887,267 2.001423,268 2.40356,281 1.88004,302 2.939494,335 2.386011,352 2.625036,354 2.99284,481 2.979113,730 3.20155,751 4.108417,1000 earn
11 3.834415,15 0.586686,16 1.684823,24 2.798142,85 2.284131,96 4.301947,126 2.889963,184 1.891266,187 2.250074,214 2.173729,217 3.097382,222 1.750887,263 4.679523,1000 earn
30 1.611162,74 2.570182,88 3.781738,153 2.471998,217 3.097382,259 1.935058,418 3.050635,1000 earn
16 2.670381,24 1.503284,88 5.540146,105 1.899978,126 6.710285,582 3.82737,1000 earn
0 1.24103,4 1.861639,5 3.083217,8 1.348617,11 1.917208,15 2.492201,16 1.684823,20 1.519314,24 2.464992,28 4.772796,30 3.222325,35 0.946821,58 1.320487,78 1.413648,80 2.259635,85 2.284131,86 5.161263,101 3.32826,102 3.264511,127 2.30437,133 1.360355,140 1.874495,141 2.074822,179 7.802982,180 1.511092,193 2.782438,207 4.659281,223 1.284437,255 2.562689,256 2.491898,264 10.287306,271 2.600994,288 2.44005,290 2.505489,354 2.99284,1000 earn
2 3.033696,11 1.917208,16 1.684823,24 0.647429,28 1.436755,34 1.950293,58 0.660244,60 1.278568,72 1.264681,93 1.504583,98 2.421565,105 1.899978,214 2.173729,248 3.172181,274 2.250074,673 2.914286,888 3.302182,1000 earn
88 9.08439,161 2.008088,184 4.391383,187 5.224511,193 2.782438,217 4.909234,259 5.432394,271 8.244955,1000 earn
0 4.293257,3 1.377668,4 2.349126,5 2.514255,8 1.348617,11 4.95591,15 1.362244,16 1.684823,22 4.056953,24 2.589716,28 1.436755,40 4.983796,42 2.12449,55 4.997321,58 2.092922,62 2.152786,63 3.028738,65 3.157222,68 1.400981,76 2.459041,79 3.024825,81 1.88283,84 2.152786,86 1.439698,96 6.64203,102 3.264511,105 0.818276,119 2.217613,130 5.994344,133 2.156111,163 5.283081,165 3.644232,184 4.391383,188 1.750887,199 2.357715,208 1.611162,213 3.27689,222 1.750887,223 1.284437,227 2.078519,228 6.296587,243 4.461454,244 1.728158,248 4.002847,259 1.935058,268 2.40356,274 2.250074,301 3.021135,311 3.147511,335 2.386011,363 5.553614,424 3.06587,440 5.828572,475 3.006843,504 5.104437,530 3.240068,575 3.473293,641 3.419947,676 3.501588,729 3.220541,842 4.883978,1000 earn
4 1.174563,11 1.917208,12 1.668219,23 1.622588,24 1.294858,34 1.950293,68 1.400981,84 3.412085,96 1.852748,195 2.583982,244 1.728158,263 2.952451,281 1.88004,354 2.99284,363 3.790931,421 2.721097,1000 earn
5 1.541608,11 1.917208,15 1.516562,16 1.684823,24 2.321009,30 1.611162,35 0.946821,39 1.565484,58 1.533038,59 1.636161,68 2.220502,86 4.041743,119 2.217613,169 2.346713,179 4.122478,218 2.957951,223 1.284437,235 2.521187,244 2.739066,421 5.442193,449 3.16506,734 3.050635,857 3.663518,1000 earn
4 2.349126,5 0.972647,11 3.038702,15 0.929876,16 1.684823,20 1.519314,24 0.647429,45 2.165276,50 2.161087,51 1.994822,58 1.320487,65 1.935842,68 1.400981,72 1.264681,83 3.342409,84 2.152786,86 2.879396,101 1.66413,102 1.632256,128 1.998115,154 1.852748,179 4.122478,193 1.755523,207 1.46984,208 2.553632,223 1.284437,232 2.148672,235 1.590692,243 2.735528,255 4.061765,264 3.772621,269 3.300265,288 2.44005,382 3.130395,386 5.016501,421 4.312836,799 2.821729,1000 earn
16 1.684823,24 0.647429,58 0.660244,93 1.504583,245 2.089729,1000 earn
69 1.482273,88 2.386011,105 1.296937,187 2.250074,193 1.755523,217 3.097382,259 1.935058,271 2.600994,418 3.050635,1000 earn
88 3.781738,217 3.097382,259 1.935058,1000 earn
30 1.611162,85 2.284131,88 3.781738,113 1.544583,187 2.250074,259 1.935058,389 2.633239,418 3.050635,481 4.721783,1000 earn
69 1.482273,88 2.386011,187 2.250074,217 3.097382,259 1.935058,271 2.600994,418 3.050635,824 3.782635,1000 earn
4 1.174563,5 1.541608,16 2.670381,24 1.026151,48 1.544583,58 0.660244,119 2.217613,153 2.471998,185 1.767252,238 2.011445,255 4.061765,432 3.26016,1000 earn
4 1.174563,11 1.917208,16 1.684823,24 0.647429,63 1.514369,84 2.152786,105 1.296937,214 3.445278,244 1.728158,248 4.002847,317 2.519353,1000 earn
4 1.174563,11 1.917208,15 0.929876,16 1.684823,20 1.519314,24 1.817563,25 1.485417,35 1.893643,48 2.448107,52 1.485417,63 1.514369,74 2.570182,102 1.632256,105 1.636552,130 1.998115,145 3.147511,179 2.600994,214 2.173729,244 1.728158,290 2.505489,847 3.370416,1000 earn
4 1.174563,58 0.660244,74 2.570182,153 2.471998,455 3.183065,1000 earn
4 1.861639,12 3.336439,15 0.586686,24 1.67358,30 1.611162,34 3.900585,58 1.320487,84 4.998614,86 3.721565,93 1.504583,96 3.705495,133 1.360355,140 1.874495,142 4.186742,161 2.008088,188 4.065433,213 2.067487,214 2.173729,223 2.035784,280 3.472575,301 4.788386,421 2.721097,662 2.789976,795 3.782635,846 3.346917,943 2.855007,960 3.663518,1000 earn
4 3.036202,15 0.586686,23 1.622588,24 1.503284,28 1.436755,35 0.946821,52 1.485417,58 1.046461,70 2.361846,84 2.152786,105 1.636552,111 2.485201,161 2.008088,179 2.600994,200 1.699684,219 3.354753,223 1.284437,301 3.021135,440 5.828572,638 2.711793,733 2.702612,951 3.82737,1000 earn
12 1.668219,16 2.670381,30 2.553632,58 1.320487,88 5.540146,105 1.636552,113 2.448107,208 1.611162,214 5.047242,248 2.001423,271 2.600994,1000 earn
2 1.080624,4 2.349126,12 1.668219,15 0.929876,105 1.899978,111 2.485201,129 2.64154,154 1.852748,169 3.719452,214 3.445278,245 2.089729,274 4.500149,303 2.028476,398 3.06587,1000 earn
5 1.541608,16 2.670381,24 1.503284,58 1.046461,98 2.421565,105 0.818276,151 3.589093,153 2.471998,182 2.374554,348 5.380534,888 3.302182,1000 earn
4 1.861639,11 1.917208,15 0.929876,16 1.684823,23 1.622588,24 2.464992,58 1.706705,86 2.879396,90 1.721483,105 2.933489,184 1.891266,193 1.755523,214 5.047242,218 2.957951,222 1.750887,259 4.493065,576 3.5619,1000 earn
2 2.161249,5 0.972647,11 1.917208,15 0.586686,16 1.684823,24 1.026151,28 1.436755,34 3.091141,50 3.425242,119 2.217613,196 2.021613,227 2.078519,274 2.250074,673 2.914286,1000 earn
2 1.080624,4 1.861639,5 1.541608,11 3.038702,15 1.647037,16 3.369645,24 1.67358,28 1.436755,30 2.553632,58 1.046461,67 1.969027,74 2.570182,80 2.259635,84 2.152786,86 1.439698,102 1.632256,179 2.600994,193 2.782438,244 1.728158,255 2.562689,302 2.939494,398 3.06587,455 3.183065,935 3.006843,973 3.26016,1000 earn
4 1.861639,11 1.917208,15 0.586686,30 3.222325,50 2.161087,74 4.073642,86 1.439698,88 3.781738,93 1.504583,98 2.421565,105 0.818276,127 2.30437,231 1.691153,244 1.728158,248 2.001423,259 1.935058,271 2.600994,576 3.5619,1000 earn
12 2.644065,24 1.294858,30 1.611162,35 0.946821,78 1.413648,85 2.284131,97 2.76779,102 1.632256,115 1.145021,133 2.156111,147 2.060229,193 1.755523,275 2.433833,341 4.658988,352 2.625036,1000 earn
0 1.24103,4 1.861639,5 1.945293,11 3.038702,15 1.173373,16 1.684823,58 1.706705,65 1.22138,74 2.570182,147 5.325615,183 2.952451,223 1.284437,243 2.735528,302 2.939494,649 2.693551,1000 earn
3 1.377668,4 2.727251,5 2.514255,11 1.917208,22 3.215059,24 1.026151,48 1.544583,58 1.706705,63 2.400218,68 1.400981,74 2.570182,84 2.152786,127 2.30437,130 1.998115,147 6.180687,161 2.008088,207 1.46984,245 2.089729,302 4.658988,372 2.667058,679 2.577758,867 2.939494,1000 earn
0 1.966986,4 1.861639,11 1.917208,15 1.173373,24 1.67358,45 2.165276,48 1.544583,58 1.046461,60 1.278568,63 1.514369,65 2.44276,102 1.632256,105 1.899978,127 2.30437,140 1.874495,151 3.589093,165 2.299254,169 2.346713,244 1.728158,259 1.935058,268 2.40356,271 2.600994,303 3.215059,350 2.52639,798 2.625036,1000 earn
4 2.727251,11 3.834415,15 0.586686,16 2.670381,24 2.052302,28 1.436755,35 0.946821,50 2.161087,58 0.660244,74 2.570182,84 2.152786,86 1.439698,113 1.544583,140 1.874495,181 1.258976,193 1.755523,223 1.284437,302 4.658988,335 2.386011,389 2.633239,449 3.16506,652 3.26016,673 2.914286,1000 earn
4 1.174563,5 1.541608,12 1.668219,15 1.362244,16 1.684823,20 1.519314,24 1.67358,28 1.436755,30 1.611162,39 1.565484,72 1.264681,74 2.570182,78 1.413648,80 2.259635,86 1.439698,102 3.264511,151 4.528931,184 1.891266,204 2.330529,245 2.089729,301 4.788386,798 2.625036,1000 earn
2 2.161249,5 2.730564,11 1.917208,15 0.929876,16 1.684823,24 1.503284,30 1.611162,74 2.570182,193 1.755523,203 2.144583,227 3.294375,302 5.878988,303 2.028476,1000 earn
4 2.727251,11 1.917208,12 2.644065,23 1.622588,24 1.026151,34 1.950293,35 0.946821,52 1.485417,93 1.504583,96 3.705495,97 2.76779,227 2.078519,228 2.711793,244 1.728158,288 2.44005,301 3.021135,363 2.391811,597 6.142034,615 3.663518,867 2.939494,996 3.370416,1000 earn
0 3.484011,2 1.080624,4 1.174563,5 2.514255,15 1.173373,21 5.24671,22 3.215059,24 1.817563,25 2.970833,35 0.946821,39 1.565484,40 7.899129,45 2.165276,58 1.320487,63 1.514369,67 3.938055,76 3.897488,79 3.024825,92 1.501352,105 1.899978,127 2.30437,133 2.156111,154 1.852748,163 2.64154,187 3.566283,207 1.46984,227 2.078519,230 2.8004,242 3.097382,290 2.505489,349 3.097382,487 7.885778,504 3.220541,556 5.806538,1000 earn
0 2.881582,4 1.174563,11 1.917208,24 1.817563,34 1.950293,52 1.485417,58 0.660244,84 3.412085,86 1.439698,96 3.705495,102 1.632256,119 3.514834,127 2.30437,179 2.600994,203 2.144583,218 1.86626,219 2.116614,222 1.750887,231 1.691153,244 1.728158,245 2.089729,259 3.066994,301 3.021135,339 3.781738,752 3.097382,798 2.625036,1000 earn
4 1.174563,5 2.258416,11 4.451618,16 2.670381,24 3.237145,30 1.611162,34 1.950293,57 1.454605,84 2.152786,86 1.439698,89 3.75461,96 3.705495,97 1.746281,151 2.264465,153 2.471998,179 2.600994,184 1.891266,187 3.566283,203 2.144583,217 3.097382,218 2.957951,251 2.832645,263 2.952451,268 4.80712,418 3.050635,435 2.914286,470 3.220541,615 3.663518,623 3.82737,1000 earn
11 4.451618,12 1.668219,16 2.670381,24 1.503284,86 1.439698,88 5.540146,126 5.779925,132 2.478568,153 2.471998,185 1.767252,214 5.047242,348 5.380534,582 3.82737,599 3.782635,625 3.92656,1000 earn
4 2.349126,5 2.91794,12 1.668219,13 1.539455,15 0.586686,19 3.577753,20 1.519314,24 1.67358,33 1.680634,58 1.046461,78 1.413648,86 2.281867,127 2.30437,140 1.874495,141 2.074822,151 2.264465,157 2.465489,206 3.628194,303 2.028476,435 2.914286,825 2.633239,973 3.26016,1000 earn
4 1.174563,11 5.382282,15 0.586686,16 2.670381,20 1.519314,24 1.817563,25 1.485417,35 0.946821,58 2.193281,65 1.22138,68 1.400981,101 3.32826,102 1.632256,114 2.042409,133 1.360355,180 1.511092,188 1.750887,207 1.46984,238 2.011445,243 2.735528,255 2.562689,257 2.031933,264 6.682231,269 2.082236,288 2.44005,1000 earn
5 2.730564,15 2.170998,20 2.408056,24 1.503284,25 1.485417,27 1.430905,28 3.336041,30 1.611162,58 1.706705,63 2.400218,72 1.264681,80 2.259635,85 2.284131,87 2.391811,101 3.32826,102 3.78998,151 4.528931,179 6.723472,185 1.767252,195 2.583982,208 2.553632,255 2.562689,264 6.152879,288 2.44005,824 3.782635,868 4.58887,1000 earn
0 1.24103,11 3.038702,15 0.586686,24 1.026151,58 0.660244,105 1.296937,113 1.544583,165 2.299254,169 2.346713,214 4.347457,222 1.750887,244 1.728158,271 2.600994,288 2.44005,350 4.004233,888 3.302182,1000 earn
97 1.746281,180 1.511092,346 2.44005,398 3.06587,815 4.788386,1000 earn
0 3.484011,3 2.755336,4 1.861639,5 1.945293,11 4.95591,15 0.586686,16 4.355203,22 2.028476,24 1.942287,28 2.277202,34 1.950293,58 1.853538,60 1.278568,63 2.400218,65 2.44276,67 1.969027,72 1.264681,74 5.140364,81 1.88283,86 4.563734,89 2.368895,100 3.16506,101 4.301714,102 3.264511,113 1.544583,119 3.514834,127 7.30468,151 2.264465,165 3.644232,179 5.201988,185 1.767252,207 2.939679,208 1.611162,214 2.173729,220 3.097382,231 1.691153,248 4.002847,255 4.061765,258 2.832645,264 7.140776,290 2.505489,302 2.939494,576 3.5619,656 3.82737,673 2.914286,825 2.633239,911 3.006843,1000 earn
4 2.727251,5 2.730564,16 1.684823,24 1.026151,28 2.277202,58 0.660244,105 2.718254,115 1.145021,161 3.182745,187 2.250074,193 1.755523,206 3.628194,218 1.86626,244 1.728158,335 2.386011,449 3.16506,1000 earn
4 1.861639,11 1.917208,15 0.929876,24 1.026151,28 1.436755,34 1.950293,58 0.660244,60 2.026482,68 1.400981,84 6.043635,86 2.281867,96 2.936535,98 2.421565,127 2.30437,154 1.852748,223 1.284437,257 2.031933,301 4.788386,744 3.021135,837 3.16506,915 3.594145,1000 earn
5 2.258416,8 1.348617,11 1.917208,15 1.859752,16 1.684823,24 1.503284,35 0.946821,58 1.320487,72 1.264681,105 2.454828,111 2.485201,141 4.149645,157 2.465489,161 5.190833,182 2.374554,206 3.628194,218 1.86626,335 2.386011,389 4.173585,973 3.26016,987 4.855343,1000 earn
2 1.712749,11 1.917208,12 1.668219,15 0.586686,24 1.503284,47 3.946544,68 1.400981,72 1.264681,84 2.152786,193 4.928376,203 3.399084,206 2.289135,227 2.078519,237 4.438529,301 3.021135,303 2.028476,1000 earn
12 1.668219,23 1.622588,24 1.503284,34 1.950293,58 1.046461,60 1.278568,68 1.400981,84 2.152786,96 2.936535,114 2.042409,180 1.511092,218 1.86626,222 1.750887,244 1.728158,263 2.952451,270 2.014818,274 2.250074,298 2.325218,354 2.99284,421 2.721097,481 2.979113,1000 earn
16 2.670381,24 1.503284,88 5.540146,126 4.580482,348 5.380534,1000 earn
4 3.036202,5 1.945293,11 1.917208,12 1.668219,16 1.684823,24 1.503284,28 1.436755,34 1.950293,35 0.946821,48 1.544583,58 1.046461,84 4.305572,96 2.936535,97 1.746281,133 3.158646,150 1.601783,151 2.264465,184 1.891266,193 1.755523,245 3.312142,263 2.952451,274 2.250074,732 3.394739,940 4.263088,1000 earn
4 2.727251,5 1.541608,11 5.382282,12 1.668219,20 1.519314,24 2.699731,25 1.485417,28 1.436755,30 2.553632,33 1.680634,34 1.950293,35 1.500676,58 1.980731,74 2.570182,84 4.305572,93 1.504583,96 6.409453,113 1.544583,127 2.30437,140 2.971004,151 3.589093,179 2.600994,184 2.997585,185 1.767252,195 1.630311,207 1.46984,243 1.725926,251 2.832645,257 2.031933,263 2.952451,281 2.979793,354 2.99284,363 4.783623,421 2.721097,435 2.914286,445 2.878114,541 3.220541,638 2.711793,673 2.914286,973 3.26016,1000 earn
2 3.425498,5 1.541608,11 1.917208,15 0.586686,16 1.684823,23 2.571741,24 2.052302,28 2.277202,35 0.946821,45 2.165276,57 1.454605,58 1.706705,60 3.30505,68 1.400981,72 2.004472,78 2.240578,93 1.504583,101 1.66413,102 1.632256,105 2.718254,106 3.431881,127 4.60874,151 5.853558,161 3.182745,187 4.500149,193 2.782438,203 3.399084,206 2.289135,210 2.555275,214 2.173729,218 2.957951,241 2.730527,244 1.728158,248 4.647161,259 1.935058,421 2.721097,798 2.625036,1000 earn
2 2.161249,4 3.901814,5 1.541608,11 4.451618,12 1.668219,15 1.760059,16 1.684823,23 4.867764,24 1.026151,30 3.222325,35 1.893643,39 1.565484,45 2.165276,47 2.693935,48 1.544583,53 2.190951,54 1.463705,57 1.454605,58 1.533038,60 3.589393,68 1.400981,72 2.936499,78 1.413648,97 2.76779,98 3.838089,101 3.86399,103 2.049482,105 1.296937,111 2.485201,112 1.806175,151 4.528931,161 3.182745,193 1.755523,195 1.630311,203 4.979568,206 3.628194,207 1.46984,210 2.555275,218 2.957951,219 3.354753,222 3.501773,245 2.089729,266 2.446323,275 3.857534,290 2.505489,354 2.99284,363 2.391811,421 4.312836,730 3.20155,732 3.394739,733 2.702612,761 3.782635,798 2.625036,835 4.942947,1000 earn
4 1.861639,12 1.668219,23 1.622588,24 1.942287,28 2.277202,34 3.091141,37 1.626439,58 1.046461,69 1.482273,84 2.152786,86 1.439698,96 3.705495,105 0.818276,107 1.422223,127 4.60874,133 1.360355,179 2.600994,180 1.511092,244 1.728158,263 2.952451,274 2.250074,321 3.006843,346 2.44005,354 2.99284,687 3.183065,694 3.501588,734 3.050635,1000 earn
0 4.122611,4 1.174563,5 0.972647,11 1.917208,15 1.173373,16 1.684823,20 1.519314,21 2.259635,22 2.028476,24 2.052302,30 1.611162,33 1.680634,42 2.12449,51 3.161718,58 1.706705,63 2.400218,65 1.935842,67 3.120835,85 2.284131,101 1.66413,105 2.115213,127 2.30437,133 1.360355,141 2.074822,142 2.64154,143 2.018207,163 7.924621,165 6.454823,168 2.071145,204 3.693802,213 2.067487,231 1.691153,243 1.725926,244 1.728158,268 2.40356,280 2.190951,303 2.028476,350 2.52639,662 2.789976,737 3.5619,795 3.782635,798 4.160584,1000 earn
2 3.033696,13 1.539455,15 0.929876,57 1.454605,58 0.660244,60 2.026482,84 4.305572,113 1.544583,161 3.182745,208 1.611162,268 3.809552,724 3.663518,1000 earn
0 1.24103,2 4.590414,5 1.541608,11 4.95591,14 2.562649,15 2.233723,16 4.355203,24 2.239737,38 1.9722,47 6.4713,54 1.463705,57 1.454605,58 1.706705,60 1.278568,65 1.22138,67 1.969027,84 4.998614,91 2.945052,102 1.632256,114 2.042409,115 1.145021,127 3.65234,141 3.288515,150 1.601783,151 4.528931,154 1.852748,157 2.465489,169 4.693425,185 1.767252,187 2.250074,193 1.755523,195 1.630311,203 3.399084,207 2.329641,208 1.611162,210 5.110551,214 3.445278,218 2.957951,234 2.616929,241 2.730527,243 1.725926,244 2.739066,265 6.995642,266 2.446323,268 2.40356,273 11.993343,281 2.979793,294 4.543238,321 3.006843,472 4.835142,565 3.446107,637 7.834386,643 3.627964,653 2.625036,673 9.681049,734 4.835142,799 2.821729,825 6.806824,849 3.982041,987 2.427672,1000 earn
4 2.349126,5 1.945293,11 3.038702,15 1.859752,16 3.369645,20 1.519314,24 1.026151,30 2.553632,33 1.680634,35 0.946821,52 1.485417,58 1.046461,67 3.120835,68 2.220502,69 1.482273,70 1.490159,72 1.264681,74 2.570182,78 1.413648,84 3.412085,93 1.504583,102 1.632256,109 1.536058,115 1.145021,127 3.65234,150 1.601783,179 4.122478,185 1.767252,244 4.467224,255 2.562689,563 3.700994,827 3.130395,1000 earn
16 1.684823,24 1.026151,88 4.772022,105 1.296937,126 2.889963,153 2.471998,184 1.891266,214 2.173729,348 3.394739,599 3.782635,625 3.92656,775 2.855007,1000 earn
4 1.174563,15 0.586686,24 1.503284,48 1.544583,58 0.660244,105 1.899978,154 1.852748,214 4.347457,268 3.809552,271 2.600994,1000 earn
0 3.208015,5 1.945293,8 1.348617,11 1.917208,15 0.929876,16 1.684823,23 1.622588,24 2.150713,28 2.277202,29 2.060229,54 1.463705,58 1.046461,63 1.514369,74 2.570182,85 2.284131,86 1.439698,91 1.858121,102 3.264511,105 2.115213,127 2.30437,140 1.874495,141 2.074822,163 4.186742,165 2.299254,218 2.957951,220 3.097382,222 1.750887,235 2.521187,274 2.250074,290 2.505489,302 2.939494,470 3.220541,504 5.104437,557 3.394739,971 3.594145,974 3.240068,987 4.855343,1000 earn
4 1.861639,11 1.917208,15 0.586686,24 1.67358,58 1.046461,65 1.22138,86 1.439698,102 1.632256,105 1.899978,151 2.264465,163 2.64154,169 2.346713,193 1.755523,244 1.728158,268 2.40356,271 2.600994,312 2.616929,1000 earn
0 1.24103,3 2.183552,4 2.349126,5 1.541608,11 5.382282,16 2.670381,24 2.052302,42 2.12449,58 1.320487,119 2.217613,127 3.65234,154 1.852748,214 2.173729,248 2.001423,302 2.939494,303 2.028476,504 3.220541,520 3.26016,763 4.181447,1000 earn
5 3.364805,11 3.038702,15 2.029602,16 1.684823,20 2.408056,23 1.622588,24 1.026151,28 3.336041,45 3.431881,58 1.853538,68 3.621482,72 1.264681,85 2.284131,86 2.879396,93 1.504583,101 2.637584,102 1.632256,111 2.485201,119 2.217613,140 1.874495,169 2.346713,179 7.301913,180 1.511092,185 1.767252,196 2.021613,207 2.329641,223 1.284437,244 2.739066,248 2.001423,255 4.061765,264 8.234342,269 2.082236,300 2.821729,532 6.101271,888 3.302182,1000 earn
88 3.781738,217 3.097382,259 1.935058,271 2.600994,418 3.050635,1000 earn
2 3.589756,4 1.174563,5 0.972647,8 1.348617,12 1.668219,13 1.539455,15 1.173373,23 4.194329,24 1.294858,28 1.436755,31 1.899806,35 2.447497,47 5.38787,54 1.463705,57 1.454605,58 1.046461,60 2.026482,72 2.004472,74 2.570182,78 3.282388,84 4.998614,97 4.514071,105 1.899978,112 1.806175,119 4.435227,150 2.538765,161 3.182745,182 2.374554,187 3.566283,189 2.363283,193 1.755523,195 2.583982,196 5.675387,203 4.289166,210 2.555275,216 2.505489,218 2.957951,241 2.730527,247 2.274228,265 3.949565,267 3.172181,319 2.533499,395 2.54794,421 2.721097,610 4.181447,649 2.693551,744 3.021135,816 3.130395,971 3.594145,1000 earn
11 1.917208,24 1.294858,34 1.950293,36 2.299254,57 1.454605,58 0.660244,68 1.400981,81 1.88283,86 1.439698,96 3.705495,127 2.30437,218 2.957951,244 1.728158,263 2.952451,373 2.779707,679 2.577758,799 2.821729,987 2.427672,1000 earn
24 1.817563,30 2.553632,58 1.533038,68 1.400981,86 2.281867,88 2.386011,98 2.421565,105 2.297192,114 2.042409,151 3.589093,154 1.852748,180 1.511092,251 2.832645,421 2.721097,585 3.5619,1000 earn
2 2.161249,4 2.349126,5 3.231062,11 3.834415,15 0.929876,16 1.684823,24 1.294858,36 3.644232,58 1.533038,68 2.220502,84 4.998614,86 1.439698,113 1.544583,151 2.264465,203 3.399084,234 2.616929,244 1.728158,268 4.80712,302 5.878988,421 2.721097,449 3.16506,1000 earn
4 2.349126,5 3.231062,8 1.348617,11 3.038702,15 2.233723,16 3.912037,20 3.038628,24 1.294858,27 1.430905,28 2.873509,35 0.946821,48 1.544583,58 2.366948,63 2.400218,65 1.22138,84 3.412085,86 3.342875,93 1.504583,102 2.587064,113 1.544583,114 2.042409,147 6.843933,187 3.566283,223 1.284437,244 1.728158,302 2.939494,339 2.386011,827 3.130395,867 2.939494,1000 earn
11 3.038702,16 1.684823,24 0.647429,126 2.889963,214 3.445278,348 3.394739,1000 earn
4 1.174563,11 3.834415,23 2.571741,24 1.503284,35 0.946821,58 1.046461,84 2.152786,86 2.281867,102 2.587064,105 1.296937,140 1.874495,151 3.589093,154 1.852748,209 2.675777,218 1.86626,547 3.280853,798 2.625036,894 4.263088,975 3.370416,987 2.427672,1000 earn
4 2.727251,5 0.972647,13 1.539455,14 1.616852,15 2.029602,16 1.684823,24 1.67358,35 1.500676,44 4.543238,48 2.448107,58 1.980731,70 1.490159,93 1.504583,105 1.899978,109 1.536058,113 1.544583,127 2.30437,128 1.998115,150 2.538765,182 2.374554,207 1.46984,214 2.173729,222 2.775089,235 1.590692,248 3.172181,281 1.88004,290 2.505489,404 3.302182,426 2.902018,432 5.167232,532 3.050635,662 2.789976,676 3.501588,687 3.183065,744 3.021135,996 5.341982,1000 earn
2 3.241873,15 1.173373,16 2.670381,24 1.503284,28 2.277202,34 1.950293,48 1.544583,54 1.463705,58 1.320487,84 2.152786,119 2.217613,140 1.874495,151 2.264465,158 1.88004,169 2.346713,187 3.566283,203 2.144583,218 1.86626,219 2.116614,235 1.590692,244 1.728158,271 2.600994,403 2.721097,643 3.627964,679 2.577758,958 4.58887,987 2.427672,1000 earn
2 2.509132,5 1.541608,15 0.586686,23 1.622588,24 2.052302,28 1.436755,34 1.950293,58 1.046461,84 4.998614,86 1.439698,89 3.75461,96 5.20132,102 1.632256,113 1.544583,119 2.217613,127 2.30437,142 2.64154,184 1.891266,185 1.767252,193 3.511046,195 1.630311,196 2.021613,206 2.289135,214 2.173729,235 2.521187,244 1.728158,280 2.190951,301 4.788386,313 3.324189,344 3.050635,350 2.52639,437 4.241006,673 6.766763,877 4.042353,1000 earn
5 1.541608,13 1.539455,15 1.173373,23 1.622588,30 1.611162,57 1.454605,58 0.660244,85 3.620261,91 1.858121,105 1.899978,151 2.264465,180 1.511092,206 2.289135,223 1.284437,244 1.728158,346 2.44005,987 2.427672,1000 earn
0 2.482059,4 1.174563,16 2.670381,24 2.052302,30 2.553632,57 1.454605,58 1.046461,65 1.22138,105 2.83077,150 1.601783,163 2.64154,165 2.299254,184 1.891266,187 2.250074,214 6.102428,1000 earn
4 1.174563,5 1.541608,11 1.917208,16 1.684823,24 2.529434,34 1.950293,58 0.660244,84 2.152786,96 2.936535,126 2.889963,184 1.891266,187 4.500149,214 2.173729,217 3.097382,218 1.86626,219 2.116614,263 2.952451,905 3.875192,1000 earn
4 1.174563,11 1.917208,24 1.817563,28 1.436755,34 1.950293,58 0.660244,96 3.705495,184 2.997585,217 3.097382,259 1.935058,341 2.939494,481 2.979113,1000 earn
0 1.24103,4 2.349126,5 1.945293,11 1.917208,12 1.668219,14 1.616852,15 1.859752,16 1.684823,23 2.571741,24 1.294858,28 1.436755,35 1.500676,42 2.12449,48 1.544583,50 2.161087,57 1.454605,58 2.284067,60 1.278568,65 1.22138,84 3.412085,105 2.115213,113 1.544583,127 2.30437,150 1.601783,151 2.264465,181 1.258976,193 1.755523,208 1.611162,218 2.957951,223 1.284437,235 1.590692,244 2.739066,245 3.312142,250 2.245343,251 2.832645,267 3.172181,274 2.250074,335 2.386011,339 2.386011,424 3.06587,432 8.427392,437 5.351554,470 6.441082,549 3.26016,641 3.419947,1000 earn
4 1.174563,5 1.541608,12 1.668219,15 0.929876,16 1.684823,30 2.553632,50 2.161087,58 0.660244,84 2.152786,105 1.296937,245 2.089729,251 2.832645,341 2.939494,437 4.241006,576 3.5619,1000 earn
4 2.349126,5 2.730564,11 1.917208,12 1.668219,13 1.539455,15 2.103249,16 3.369645,24 2.395772,28 1.436755,30 3.222325,35 0.946821,39 1.565484,50 2.161087,57 2.90921,58 1.853538,65 1.22138,68 2.220502,74 2.570182,84 6.82417,89 2.368895,102 1.632256,105 3.273105,113 2.448107,114 2.042409,127 2.30437,132 2.478568,161 3.182745,169 3.719452,181 1.258976,187 2.250074,214 2.173729,226 2.386011,244 2.739066,250 2.245343,251 5.66529,257 2.031933,267 3.172181,268 2.40356,274 3.566283,341 2.939494,424 3.06587,437 5.351554,470 5.104437,549 5.167232,1000 earn
8 2.697235,11 5.382282,15 0.586686,16 2.670381,20 1.519314,24 2.321009,30 1.611162,36 3.644232,58 1.980731,65 1.935842,70 1.490159,74 2.570182,78 2.827295,80 2.259635,84 2.152786,113 1.544583,187 2.250074,188 1.750887,200 1.699684,208 1.611162,214 2.173729,223 1.284437,231 1.691153,243 1.725926,244 1.728158,445 2.878114,651 3.782635,847 3.370416,879 4.765733,894 4.263088,1000 earn
4 1.174563,12 2.644065,48 1.544583,97 1.746281,113 1.544583,133 1.360355,271 2.600994,280 2.190951,346 2.44005,352 4.160584,815 4.788386,970 3.594145,1000 earn
88 3.781738,105 1.296937,113 1.544583,127 2.30437,185 1.767252,187 2.250074,206 2.289135,274 4.500149,352 2.625036,1000 earn
4 1.174563,12 2.644065,16 3.369645,58 0.660244,88 5.540146,105 0.818276,126 4.580482,153 2.471998,214 7.519866,274 2.250074,350 2.52639,599 5.995335,1000 earn
12 2.644065,16 2.670381,24 1.67358,30 1.611162,34 3.091141,58 1.046461,69 1.482273,84 4.305572,85 2.284131,96 4.301947,115 1.145021,140 1.874495,158 2.979793,263 2.952451,280 2.190951,301 3.021135,372 2.667058,445 5.756227,470 5.104437,1000 earn
88 3.781738,217 3.097382,259 1.935058,271 2.600994,418 3.050635,515 3.700994,1000 earn
88 3.781738,217 3.097382,259 1.935058,271 2.600994,418 3.050635,515 3.700994,1000 earn
4 1.174563,11 4.451618,24 1.026151,58 1.046461,74 2.570182,83 2.108825,86 2.879396,102 1.632256,119 2.217613,180 1.511092,187 2.250074,193 1.755523,207 1.46984,222 1.750887,223 1.284437,255 4.061765,264 3.772621,310 2.433833,729 3.220541,956 3.419947,1000 earn
12 1.668219,48 1.544583,85 2.284131,180 1.511092,346 2.44005,815 3.021135,1000 earn
0 1.966986,3 1.377668,4 1.174563,5 3.083217,11 3.834415,15 0.586686,16 4.355203,20 1.519314,23 1.622588,24 1.294858,33 2.663742,37 1.626439,58 1.533038,65 1.22138,69 1.482273,86 2.879396,93 2.384708,97 4.054739,102 1.632256,114 3.237142,115 1.145021,119 4.435227,180 1.511092,208 1.611162,214 5.619007,223 2.035784,276 3.097382,449 6.33012,481 2.979113,504 3.220541,804 3.627964,987 2.427672,1000 earn
11 4.451618,16 2.670381,24 1.503284,58 1.046461,88 5.540146,126 4.580482,153 2.471998,184 2.997585,214 5.047242,248 2.001423,348 5.380534,775 4.525078,910 5.505038,1000 earn
4 1.861639,11 3.038702,12 3.336439,24 1.294858,28 1.436755,30 3.741003,58 0.660244,88 4.772022,105 1.636552,140 1.874495,151 3.589093,182 2.374554,244 1.728158,248 2.001423,346 2.44005,352 4.160584,1000 earn
0 1.966986,11 1.917208,16 1.684823,24 1.294858,34 1.950293,58 1.320487,65 1.22138,67 1.969027,85 2.284131,86 1.439698,96 2.936535,141 2.074822,165 2.299254,214 2.173729,281 1.88004,363 2.391811,1000 earn
12 1.668219,30 1.611162,48 1.544583,74 2.570182,85 2.284131,97 1.746281,259 1.935058,418 3.050635,1000 earn
2 1.080624,5 2.514255,15 0.586686,16 1.684823,47 6.640479,48 1.544583,54 1.463705,57 1.454605,58 1.706705,68 1.400981,90 1.721483,105 2.115213,153 2.471998,159 2.264465,185 2.801028,187 4.500149,193 1.755523,203 3.399084,206 2.289135,223 1.284437,241 2.730527,244 2.739066,248 3.172181,259 3.066994,815 3.021135,865 3.130395,907 5.806538,1000 earn
48 2.448107,58 0.660244,88 6.698379,90 1.721483,105 1.296937,126 8.669888,214 5.047242,248 2.001423,354 2.99284,1000 earn
0 2.482059,4 1.861639,11 1.917208,12 1.668219,16 2.670381,21 2.259635,22 4.056953,24 1.817563,34 1.950293,43 1.88563,58 1.046461,65 2.44276,67 3.120835,77 2.226734,89 2.368895,96 3.705495,107 1.422223,112 1.806175,127 3.65234,133 2.156111,141 2.074822,165 3.644232,206 2.289135,214 2.173729,232 2.148672,243 1.725926,248 3.172181,266 2.446323,464 3.419947,504 3.220541,744 3.021135,775 2.855007,858 3.875192,1000 earn
11 1.917208,15 0.586686,16 2.670381,20 1.519314,24 1.503284,30 2.553632,34 1.950293,58 1.320487,60 1.278568,74 2.570182,84 2.152786,86 1.439698,102 2.587064,111 2.485201,151 3.589093,179 2.600994,243 1.725926,267 2.001423,271 2.600994,303 2.028476,315 2.759615,1000 earn
4 1.861639,5 2.258416,11 1.917208,15 2.029602,23 2.571741,24 0.647429,28 2.277202,30 1.611162,33 1.680634,34 3.900585,58 1.046461,65 1.22138,68 1.400981,74 2.570182,83 2.108825,84 4.998614,86 1.439698,96 1.852748,98 2.421565,105 1.296937,106 2.165276,151 2.264465,154 2.936535,188 1.750887,200 1.699684,214 2.173729,223 1.284437,244 2.739066,245 2.089729,248 2.001423,268 2.40356,293 2.264465,301 4.788386,354 4.743538,363 2.391811,421 4.312836,520 5.167232,837 3.16506,840 3.147511,1000 earn
5 0.972647,11 1.917208,12 1.668219,13 1.539455,16 1.684823,24 1.294858,30 1.611162,34 3.091141,35 0.946821,58 1.320487,84 2.152786,86 2.879396,93 1.504583,96 3.705495,98 2.421565,103 2.049482,113 1.544583,127 3.65234,206 3.628194,231 1.691153,244 1.728158,248 2.001423,301 3.021135,520 3.26016,662 2.789976,775 2.855007,798 2.625036,815 3.021135,1000 earn
4 1.861639,30 1.611162,34 3.091141,74 7.215414,107 1.422223,127 2.30437,184 1.891266,520 5.167232,989 3.627964,1000 earn
4 1.174563,12 1.668219,74 4.073642,88 3.781738,97 1.746281,259 1.935058,303 2.028476,350 2.52639,418 3.050635,815 4.788386,1000 earn
0 1.24103,5 1.541608,11 3.834415,24 1.026151,28 1.436755,45 2.165276,58 0.660244,65 1.22138,86 1.439698,102 1.632256,119 2.217613,154 1.852748,179 2.600994,223 1.284437,255 4.061765,264 3.772621,268 3.809552,1000 earn
1 1.061562,2 3.241873,5 2.514255,11 1.917208,15 1.516562,16 3.369645,24 1.942287,28 4.310264,57 2.305494,72 2.936499,74 2.570182,84 3.412085,86 1.439698,97 1.746281,114 2.042409,127 2.30437,151 3.589093,161 2.008088,179 2.600994,187 3.566283,188 1.750887,219 2.116614,222 1.750887,223 1.284437,227 3.294375,243 1.725926,255 2.562689,259 1.935058,264 5.526789,268 3.809552,269 2.082236,302 4.658988,481 2.979113,638 2.711793,673 2.914286,733 2.702612,1000 earn
4 1.861639,30 3.222325,48 1.544583,69 1.482273,74 4.073642,85 2.284131,88 3.781738,97 4.054739,259 1.935058,346 5.66562,418 3.050635,1000 earn
16 2.670381,88 5.540146,126 4.580482,214 6.521186,348 5.380534,582 3.82737,599 5.995335,625 6.22345,1000 earn
4 2.727251,5 2.258416,20 1.519314,58 0.660244,84 3.412085,86 1.439698,113 1.544583,154 1.852748,187 2.250074,243 1.725926,268 2.40356,879 3.006843,1000 earn
4 2.349126,5 1.541608,11 1.917208,15 0.586686,24 2.150713,28 2.277202,30 1.611162,50 2.161087,69 1.482273,84 2.152786,97 1.746281,98 2.421565,142 2.64154,151 3.589093,187 2.250074,193 1.755523,244 1.728158,267 2.001423,301 3.021135,732 3.394739,1000 earn
5 1.945293,24 0.647429,58 0.660244,86 1.439698,119 2.217613,223 1.284437,244 1.728158,255 2.562689,264 2.380259,269 2.082236,274 2.250074,729 3.220541,1000 earn
4 1.174563,5 1.945293,11 6.077404,15 1.94893,16 2.670381,24 0.647429,27 1.430905,28 2.277202,30 2.553632,33 2.663742,35 0.946821,58 1.706705,63 1.514369,67 1.969027,68 3.93305,74 4.073642,84 2.152786,93 1.504583,101 1.66413,102 3.78998,113 3.089167,119 2.217613,130 3.996229,151 2.264465,169 2.346713,179 4.122478,188 1.750887,218 1.86626,223 1.284437,238 2.011445,243 1.725926,244 1.728158,255 4.061765,259 3.870116,264 3.772621,276 3.097382,302 2.939494,649 2.693551,987 2.427672,1000 earn
4 3.723277,5 1.541608,11 3.038702,12 1.668219,15 1.94893,16 2.670381,20 2.408056,23 3.767533,24 2.150713,30 2.553632,33 1.680634,58 0.660244,65 1.22138,72 1.264681,84 4.305572,97 1.746281,98 2.421565,105 1.636552,106 2.165276,113 2.448107,114 2.042409,118 2.104964,142 2.64154,154 2.936535,159 2.264465,179 7.802982,187 2.250074,193 1.755523,219 2.116614,223 1.284437,231 1.691153,244 1.728158,248 2.001423,268 2.40356,287 2.939494,319 2.533499,339 2.386011,354 4.743538,421 2.721097,451 7.7713,520 3.26016,585 3.5619,589 3.782635,634 3.875192,679 2.577758,973 3.26016,986 2.866464,1000 earn
2 1.712749,5 1.945293,11 3.834415,15 0.586686,16 1.684823,20 1.519314,24 2.150713,28 1.436755,35 0.946821,47 1.699684,58 1.533038,60 3.589393,74 4.073642,102 2.587064,119 2.217613,141 2.074822,210 2.555275,227 3.294375,234 2.616929,259 1.935058,264 6.682231,268 2.40356,269 2.082236,288 2.44005,302 2.939494,336 2.421565,363 2.391811,455 3.183065,673 4.619034,1000 earn
11 3.038702,16 3.912037,24 2.150713,58 1.320487,88 5.540146,105 1.636552,126 4.580482,153 2.471998,214 6.890557,348 5.380534,1000 earn
11 3.038702,16 2.670381,58 0.660244,88 3.781738,126 4.580482,214 6.102428,348 5.380534,1000 earn
0 1.24103,11 1.917208,15 0.586686,16 2.670381,24 2.150713,28 2.277202,42 2.12449,58 0.660244,65 1.22138,68 1.400981,78 1.413648,86 1.439698,101 1.66413,105 1.296937,142 2.64154,158 1.88004,165 3.644232,184 4.391383,193 2.782438,206 2.289135,214 3.445278,227 2.078519,243 1.725926,244 1.728158,245 2.089729,274 3.566283,403 2.721097,825 4.173585,1000 earn
4 2.349126,5 0.972647,11 3.038702,12 1.668219,15 1.647037,23 3.245176,24 1.942287,28 1.436755,34 5.041433,58 0.660244,68 1.400981,84 3.412085,86 3.342875,96 5.20132,127 3.65234,129 2.64154,131 1.902676,140 1.874495,155 2.711793,158 1.88004,182 2.374554,244 1.728158,251 2.832645,263 2.952451,280 3.472575,301 3.021135,426 2.902018,470 3.220541,638 2.711793,679 2.577758,797 3.006843,1000 earn
4 1.174563,15 0.929876,16 2.670381,28 1.436755,30 3.222325,58 0.660244,97 1.746281,105 1.899978,132 2.478568,151 2.264465,815 3.021135,1000 earn