75
4 1.174563,5 2.258416,14 1.616852,24 1.503284,28 2.873509,35 0.946821,105 2.593874,138 2.391811,141 4.817588,181 1.258976,206 3.628194,218 1.86626,1000 money-supply
2 1.080624,14 1.616852,15 1.516562,23 1.622588,28 2.277202,32 1.858121,58 1.046461,68 1.400981,69 3.441731,81 1.88283,93 2.384708,113 2.448107,594 6.142034,1000 money-supply
2 1.712749,5 1.945293,8 2.137508,14 3.233703,15 2.170998,23 3.767533,28 2.873509,32 2.945052,58 1.320487,68 2.801961,69 5.485062,93 3.889291,105 0.818276,113 3.089167,181 1.258976,244 1.728158,423 5.016501,594 3.875192,1000 money-supply
2 1.080624,14 3.754213,15 1.859752,23 2.571741,24 1.817563,28 3.336041,32 1.858121,58 1.046461,81 1.88283,93 5.205002,105 1.899978,113 2.448107,186 4.619047,372 2.667058,423 5.016501,802 3.324189,1000 money-supply
2 1.080624,5 2.730564,14 1.616852,15 2.029602,28 3.336041,39 1.565484,58 1.533038,68 1.400981,81 1.88283,243 1.725926,1000 money-supply
2 2.161249,8 1.348617,14 3.233703,15 1.859752,23 3.767533,39 1.565484,54 1.463705,58 0.660244,69 1.482273,81 2.984214,91 1.858121,113 1.544583,125 4.743538,206 2.289135,250 5.213525,291 2.30437,300 2.821729,373 4.405732,419 2.8004,848 3.782635,1000 money-supply
2 1.712749,5 3.59922,14 4.179501,28 2.277202,38 1.9722,58 0.660244,70 1.490159,81 1.88283,91 1.858121,97 1.746281,102 1.632256,185 1.767252,248 3.172181,1000 money-supply
2 3.241873,8 4.66545,13 5.11396,14 6.316863,15 1.173373,23 4.867764,33 3.361269,35 1.500676,37 1.626439,38 6.82269,39 3.130968,54 2.319918,57 5.032106,60 1.278568,68 1.400981,78 3.96861,81 6.51352,91 1.858121,93 2.384708,97 3.492562,114 3.237142,116 2.173729,141 2.074822,157 6.373197,172 3.367238,182 2.374554,191 9.656278,193 2.782438,203 2.144583,208 3.741003,216 2.505489,231 6.764611,235 1.590692,238 2.011445,248 2.001423,288 2.44005,289 4.918082,300 2.821729,310 2.433833,326 3.183065,373 4.405732,395 2.54794,461 3.035728,825 2.633239,857 3.663518,911 4.765733,1000 money-supply
2 2.161249,5 3.975657,14 1.616852,16 1.684823,20 1.519314,24 2.239737,28 3.713957,31 1.899806,33 2.663742,47 2.693935,57 1.454605,72 2.004472,81 1.88283,102 4.896767,105 3.890811,123 2.421565,161 2.008088,181 2.923252,206 4.57827,234 6.076321,246 5.304738,303 2.028476,352 4.160584,376 3.183065,467 3.20155,677 3.875192,1000 money-supply
2 2.161249,5 3.890587,14 1.616852,16 1.684823,20 1.519314,24 2.321009,28 4.772796,31 1.899806,33 2.663742,47 2.693935,57 1.454605,72 2.004472,81 1.88283,102 3.264511,105 3.890811,123 2.421565,161 2.008088,181 2.923252,206 4.57827,234 5.233858,241 2.730527,246 5.304738,303 2.028476,352 4.160584,376 3.183065,467 3.20155,677 3.875192,1000 money-supply
2 1.080624,5 2.258416,14 2.562649,15 1.362244,39 1.565484,58 1.046461,81 2.984214,102 1.632256,113 2.448107,124 4.373886,132 3.928437,337 2.512387,1000 money-supply
2 1.712749,8 2.137508,15 1.173373,19 1.788877,20 3.038628,23 3.767533,29 2.060229,32 5.890104,35 0.946821,38 1.9722,54 2.319918,60 1.278568,68 1.400981,69 3.83162,72 2.004472,78 2.240578,90 4.449968,93 2.384708,101 1.66413,114 2.042409,116 2.173729,120 2.40951,133 1.360355,141 3.288515,152 2.254838,180 2.395023,195 3.260623,213 2.067487,231 5.073458,246 3.346917,251 2.832645,267 2.001423,271 2.600994,272 3.963609,337 2.512387,662 4.422008,798 2.625036,801 3.346917,865 3.130395,879 3.006843,904 4.355645,912 3.220541,1000 money-supply
2 1.080624,5 3.083217,8 2.137508,13 3.574505,14 3.754213,15 1.94893,16 2.670381,23 5.390121,24 1.942287,32 2.945052,35 0.946821,38 3.125863,47 2.693935,54 2.319918,57 2.305494,67 4.57194,69 4.161266,81 1.88283,90 1.721483,91 3.716242,102 1.632256,105 3.196915,113 1.544583,115 1.814816,120 9.41369,141 4.149645,161 2.008088,167 2.702612,181 2.517953,189 5.487372,216 5.010979,231 5.360827,234 2.616929,246 6.693834,265 3.949565,271 2.600994,299 2.616929,300 2.821729,334 2.446323,337 5.024773,423 7.349041,505 7.327035,680 3.627964,751 4.108417,869 3.302182,919 3.021135,987 2.427672,1000 money-supply
2 1.080624,5 1.541608,8 3.486125,13 1.539455,14 1.616852,15 1.362244,16 1.684823,20 2.408056,23 1.622588,24 2.052302,31 1.899806,32 1.858121,35 1.500676,39 1.565484,47 3.399368,57 1.454605,58 1.320487,67 6.241669,79 1.908452,81 1.88283,90 4.449968,91 1.858121,105 2.83077,112 1.806175,113 1.544583,115 2.658657,120 9.41369,123 2.421565,141 5.824762,161 2.008088,180 1.511092,181 3.254406,189 4.726565,216 3.971107,231 4.371566,248 2.001423,250 3.558784,262 3.006843,271 2.600994,272 1.981805,285 1.944158,299 2.616929,337 5.024773,385 2.711793,423 9.495179,465 3.183065,505 7.327035,575 5.505038,752 3.097382,797 3.006843,854 3.473293,1000 money-supply
2 3.033696,5 2.514255,8 1.348617,14 2.562649,15 0.929876,16 1.684823,20 3.527738,23 1.622588,24 1.67358,28 1.436755,32 3.716242,33 1.680634,35 1.500676,39 1.565484,47 2.693935,48 1.544583,58 0.660244,60 1.278568,67 5.527759,69 1.482273,79 3.024825,81 1.88283,90 2.728486,91 2.945052,101 1.66413,102 1.632256,105 2.297192,113 1.544583,114 2.042409,115 2.658657,120 8.916245,132 2.478568,141 3.288515,180 1.511092,181 3.534393,189 7.491429,195 1.630311,203 4.289166,210 2.555275,216 2.505489,223 2.035784,231 4.371566,246 3.346917,271 2.600994,272 1.981805,334 2.446323,337 5.024773,387 2.979113,423 5.016501,437 4.241006,505 3.663518,547 3.280853,561 6.693834,662 2.789976,800 4.263088,926 3.982041,1000 money-supply
1 1.061562,2 2.161249,5 1.541608,8 1.348617,13 2.439979,14 2.562649,16 1.684823,23 3.767533,24 1.942287,29 3.265386,32 1.858121,35 1.500676,38 3.125863,47 3.399368,57 1.454605,67 3.938055,68 1.400981,69 2.349347,79 1.908452,81 1.88283,90 1.721483,91 2.945052,105 1.899978,113 2.448107,115 1.145021,116 2.173729,120 8.004218,132 2.478568,141 2.074822,157 3.907708,167 2.702612,181 3.534393,184 1.891266,185 1.767252,189 5.487372,203 2.144583,216 3.971107,223 1.284437,231 2.680414,246 6.693834,293 3.589093,300 2.821729,310 2.433833,334 2.446323,337 3.982038,423 3.16506,447 2.769588,465 3.183065,505 5.806538,649 2.693551,771 4.462494,799 4.472335,815 3.021135,826 5.223994,879 3.006843,930 3.220541,1000 money-supply
2 1.080624,5 0.972647,15 0.929876,32 1.858121,35 0.946821,67 3.120835,81 1.88283,90 2.728486,105 0.818276,120 2.40951,141 2.074822,161 2.008088,167 2.702612,189 2.363283,334 2.446323,457 3.081447,733 2.702612,1000 money-supply
2 2.509132,14 4.179501,15 2.170998,16 1.684823,23 1.622588,28 4.03348,35 0.946821,38 1.9722,39 1.565484,57 1.454605,81 4.371795,93 3.009166,157 2.465489,183 4.679523,234 6.076321,243 2.735528,246 5.304738,248 3.172181,312 4.147734,376 3.183065,1000 money-supply
5 1.945293,16 3.369645,69 2.349347,93 1.504583,113 2.448107,114 2.042409,191 4.269177,193 2.782438,238 2.011445,264 4.760517,1000 money-supply
2 2.161249,5 4.131733,14 1.616852,15 0.929876,16 2.670381,24 1.942287,28 2.873509,32 1.858121,33 2.663742,36 2.299254,39 2.481233,47 1.699684,58 1.046461,67 3.120835,68 1.400981,69 3.441731,72 1.264681,81 1.88283,90 2.728486,102 3.78998,109 1.536058,181 3.254406,182 2.374554,191 7.561753,203 2.144583,227 2.078519,234 4.147734,238 2.011445,264 8.533138,269 3.300265,303 4.709976,353 2.711793,376 5.045038,1000 money-supply
2 1.712749,5 2.730564,14 2.562649,15 1.94893,28 2.277202,32 1.858121,39 2.481233,68 2.801961,69 4.446819,93 4.223899,97 3.492562,101 1.66413,191 5.387102,244 1.728158,264 4.760517,269 2.082236,271 2.600994,300 4.472335,303 2.028476,337 5.024773,376 3.183065,506 3.183065,1000 money-supply
5 2.258416,14 1.616852,28 1.436755,68 2.220502,69 2.349347,81 1.88283,93 1.504583,124 2.759615,132 2.478568,186 2.309523,191 2.693551,264 2.380259,269 2.082236,288 2.44005,372 2.667058,594 3.875192,1000 money-supply
2 1.712749,4 1.174563,5 1.945293,8 2.137508,14 3.754213,15 1.516562,16 1.684823,23 3.767533,28 2.873509,47 3.946544,60 1.278568,68 3.252976,69 5.127822,72 2.004472,81 3.765659,93 4.223899,101 1.66413,102 1.632256,111 2.485201,113 1.544583,124 4.373886,132 3.928437,141 4.149645,161 2.008088,182 2.374554,191 7.561753,193 1.755523,222 1.750887,234 6.764663,238 2.011445,264 3.772621,269 2.082236,300 4.472335,303 4.056953,312 4.147734,352 2.625036,376 3.183065,594 7.750384,798 2.625036,802 5.268714,858 6.142034,935 3.006843,1000 money-supply
1 1.061562,5 3.083217,14 1.616852,15 2.616288,23 1.622588,28 4.772796,33 2.663742,58 1.320487,68 2.801961,69 3.83162,81 1.88283,93 4.223899,102 2.587064,105 2.593874,541 3.220541,594 6.142034,1000 money-supply
1 1.061562,5 3.083217,14 1.616852,15 2.616288,23 1.622588,28 5.150711,33 1.680634,58 0.660244,68 3.93305,81 1.88283,93 3.493534,105 2.593874,183 4.679523,541 3.220541,594 6.142034,888 3.302182,1000 money-supply
2 2.161249,5 2.258416,8 1.348617,14 1.616852,15 1.647037,23 2.571741,28 1.436755,29 2.060229,32 2.945052,33 1.680634,58 1.320487,65 1.22138,69 1.482273,72 1.264681,81 1.88283,106 2.165276,113 1.544583,157 3.907708,181 1.258976,188 1.750887,231 1.691153,234 2.616929,300 2.821729,303 2.028476,419 2.8004,649 2.693551,723 4.269177,793 2.740088,825 2.633239,925 3.302182,1000 money-supply
2 2.793373,5 2.258416,14 1.616852,15 1.647037,28 2.277202,68 1.400981,81 1.88283,93 4.223899,102 1.632256,113 2.448107,124 4.373886,132 3.928437,167 2.702612,183 4.679523,186 5.362547,241 4.327784,376 3.183065,825 2.633239,1000 money-supply
2 1.080624,5 1.541608,14 1.616852,15 1.173373,28 2.277202,52 2.354329,58 0.660244,68 1.400981,69 2.964546,81 2.984214,93 3.009166,113 2.448107,124 2.759615,132 2.478568,147 3.265386,234 2.616929,277 3.370416,541 3.220541,1000 money-supply
2 1.080624,5 2.730564,15 1.647037,47 2.693935,52 1.485417,58 0.660244,97 1.746281,112 1.806175,141 2.074822,147 4.120458,218 1.86626,227 2.078519,234 2.616929,300 2.821729,352 4.160584,389 2.633239,1000 money-supply
2 1.080624,24 0.647429,32 1.858121,47 3.399368,69 1.482273,90 1.721483,105 0.818276,120 3.818982,181 2.923252,216 2.505489,271 2.600994,337 2.512387,423 6.33012,505 3.663518,1000 money-supply
2 2.161249,13 3.078911,14 1.616852,15 1.362244,23 4.194329,32 2.945052,35 1.500676,38 3.125863,47 1.699684,57 1.454605,58 1.706705,113 2.448107,115 1.145021,157 3.907708,185 2.801028,210 2.555275,248 2.001423,419 2.8004,541 3.220541,799 2.821729,1000 money-supply
5 3.231062,14 1.616852,15 2.170998,23 1.622588,28 1.436755,58 0.660244,68 2.220502,81 1.88283,93 5.205002,105 1.636552,124 2.759615,132 2.478568,183 5.904901,186 5.362547,246 5.304738,277 3.370416,300 6.551852,541 3.220541,1000 money-supply
2 1.080624,5 3.231062,14 1.616852,15 2.170998,23 1.622588,28 1.436755,32 1.858121,58 1.046461,81 1.88283,105 1.636552,124 2.759615,132 2.478568,183 5.904901,186 6.92857,246 5.304738,277 3.370416,300 6.551852,541 3.220541,1000 money-supply
2 1.712749,5 1.945293,15 1.516562,23 1.622588,28 2.873509,32 1.858121,58 1.046461,68 2.220502,93 3.009166,105 0.818276,113 3.089167,124 2.759615,132 2.478568,183 2.952451,234 4.147734,241 2.730527,1000 money-supply
2 1.080624,5 2.258416,24 1.026151,32 1.858121,47 1.699684,90 1.721483,102 2.587064,105 1.636552,181 1.258976,337 2.512387,352 2.625036,581 5.865937,1000 money-supply
2 1.080624,5 1.945293,24 1.294858,32 1.858121,47 1.699684,69 1.482273,90 1.721483,102 1.632256,105 1.636552,181 1.258976,337 2.512387,352 2.625036,581 5.865937,1000 money-supply
2 1.080624,5 1.945293,24 1.294858,28 1.436755,32 1.858121,47 1.699684,90 1.721483,102 2.587064,105 1.636552,181 1.258976,337 2.512387,352 2.625036,581 5.865937,1000 money-supply
2 1.080624,5 1.945293,24 1.294858,32 1.858121,47 1.699684,90 1.721483,102 2.587064,105 1.636552,181 1.258976,337 2.512387,352 2.625036,581 5.865937,1000 money-supply
2 3.241873,5 3.486902,13 2.439979,14 3.233703,15 1.94893,19 2.835302,24 1.026151,28 2.873509,32 1.858121,38 1.9722,39 1.565484,43 1.88563,67 3.938055,68 2.220502,81 2.984214,102 2.587064,113 1.544583,157 2.465489,183 4.679523,210 4.050015,234 2.616929,241 2.730527,246 5.304738,248 2.001423,312 4.147734,1000 money-supply
2 1.080624,5 2.730564,14 1.616852,15 1.94893,23 1.622588,32 1.858121,68 2.220502,69 1.482273,81 1.88283,93 3.009166,102 1.632256,183 4.679523,185 2.801028,246 3.346917,541 3.220541,802 3.324189,908 3.021135,1000 money-supply
5 4.055864,28 3.336041,38 1.9722,47 2.693935,58 1.320487,93 3.889291,102 3.264511,105 2.115213,113 1.544583,188 2.775089,206 3.628194,222 2.775089,234 4.147734,250 2.245343,1000 money-supply
5 3.083217,14 2.562649,15 1.859752,23 2.571741,28 2.873509,33 2.663742,38 1.9722,58 1.853538,68 2.220502,81 2.984214,93 4.513749,105 1.899978,113 2.448107,241 2.730527,246 6.693834,271 2.600994,300 2.821729,376 5.045038,1000 money-supply
5 3.083217,14 2.562649,15 1.859752,23 3.245176,28 2.873509,33 1.680634,38 1.9722,58 1.533038,68 1.400981,81 2.984214,105 1.899978,113 1.544583,183 2.952451,241 2.730527,246 6.693834,376 3.183065,1000 money-supply
2 2.161249,5 1.945293,14 3.233703,15 1.647037,28 1.436755,58 1.046461,68 1.400981,69 2.964546,81 2.984214,102 2.587064,185 1.767252,186 3.660508,246 3.346917,1000 money-supply
2 1.712749,5 1.945293,14 2.562649,15 1.760059,28 2.277202,58 0.660244,68 1.400981,69 3.441731,81 2.984214,93 3.009166,102 3.264511,183 2.952451,185 1.767252,186 2.309523,246 3.346917,1000 money-supply
2 3.033696,5 0.972647,8 1.348617,13 3.078911,14 3.754213,15 1.94893,23 1.622588,31 1.899806,32 4.803173,35 1.500676,38 1.9722,39 3.130968,47 2.693935,57 2.90921,68 2.801961,69 1.482273,72 2.004472,78 1.413648,81 2.984214,93 1.504583,101 1.66413,113 1.544583,115 1.814816,141 6.224467,157 3.907708,158 1.88004,181 1.258976,193 2.782438,195 1.630311,202 2.593162,203 3.399084,206 2.289135,232 2.148672,234 4.147734,250 2.245343,312 4.147734,387 2.979113,431 3.220541,491 3.346917,529 3.302182,547 3.280853,825 2.633239,902 3.081447,1000 money-supply
1 1.061562,2 2.509132,5 0.972647,8 3.131393,13 1.539455,14 3.754213,15 2.233723,23 1.622588,29 5.325615,32 2.945052,38 1.9722,39 1.565484,47 2.693935,58 0.660244,65 1.22138,69 2.349347,81 3.765659,91 1.858121,93 3.493534,102 1.632256,113 3.089167,115 1.145021,157 3.907708,181 1.258976,185 2.801028,203 3.399084,205 1.88283,206 2.289135,234 2.616929,300 2.821729,387 2.979113,491 3.346917,547 5.200029,552 3.663518,1000 money-supply
2 1.080624,8 2.137508,14 3.233703,15 1.516562,23 1.622588,28 1.436755,58 1.320487,69 2.349347,81 3.765659,93 1.504583,185 1.767252,206 3.628194,1000 money-supply
2 1.712749,5 1.945293,13 1.539455,14 1.616852,15 0.586686,23 1.622588,39 1.565484,57 1.454605,58 1.046461,67 3.120835,72 1.264681,78 1.413648,81 1.88283,105 1.296937,241 2.730527,259 1.935058,937 3.346917,1000 money-supply
2 1.712749,5 1.945293,13 1.539455,14 1.616852,15 0.929876,23 1.622588,39 1.565484,57 1.454605,58 1.046461,67 3.120835,72 1.264681,78 1.413648,81 1.88283,105 1.296937,241 2.730527,259 1.935058,937 3.346917,1000 money-supply
2 1.712749,5 2.258416,13 1.539455,14 1.616852,15 0.929876,23 1.622588,39 1.565484,57 1.454605,58 0.660244,67 3.120835,72 1.264681,78 1.413648,81 1.88283,105 1.296937,115 1.145021,241 2.730527,259 1.935058,937 3.346917,1000 money-supply
2 1.712749,5 1.945293,14 2.562649,15 1.173373,28 1.436755,33 1.680634,39 2.481233,58 1.533038,69 2.349347,81 2.984214,93 3.889291,102 2.587064,105 0.818276,124 2.759615,132 2.478568,203 2.144583,277 3.370416,292 2.585417,300 2.821729,341 2.939494,1000 money-supply
2 1.712749,15 1.173373,25 1.485417,28 1.436755,36 2.299254,53 2.190951,57 1.454605,58 0.660244,62 2.152786,72 1.264681,78 1.413648,105 1.296937,151 2.264465,185 1.767252,221 4.679523,234 4.147734,389 2.633239,825 2.633239,1000 money-supply
2 1.712749,5 1.541608,14 1.616852,15 1.859752,28 2.277202,39 1.565484,68 1.400981,81 1.88283,93 3.009166,183 4.679523,246 5.304738,300 2.821729,1000 money-supply
5 2.730564,31 3.799611,32 1.858121,79 1.908452,90 1.721483,102 2.587064,105 2.297192,113 1.544583,153 2.471998,184 1.891266,213 2.067487,227 2.078519,268 2.40356,303 2.028476,467 5.074336,825 2.633239,1000 money-supply
5 2.730564,31 3.799611,32 1.858121,79 1.908452,90 1.721483,102 2.587064,105 2.297192,113 1.544583,153 2.471998,184 1.891266,213 2.067487,227 2.078519,268 2.40356,303 2.028476,467 5.074336,825 2.633239,1000 money-supply
5 2.730564,28 1.436755,31 3.799611,32 1.858121,79 1.908452,90 1.721483,102 1.632256,105 2.297192,113 1.544583,153 2.471998,184 1.891266,213 2.067487,227 2.078519,268 2.40356,303 2.028476,467 5.074336,825 2.633239,1000 money-supply
5 2.730564,28 1.436755,31 3.799611,32 1.858121,79 1.908452,90 1.721483,102 1.632256,105 2.297192,113 1.544583,153 2.471998,184 1.891266,213 2.067487,227 2.078519,268 2.40356,303 2.028476,467 5.074336,825 2.633239,1000 money-supply
5 2.730564,28 1.436755,31 3.799611,32 1.858121,79 1.908452,90 1.721483,102 1.632256,105 2.115213,113 1.544583,153 2.471998,184 1.891266,213 2.067487,227 2.078519,268 2.40356,303 2.028476,467 5.074336,825 2.633239,1000 money-supply
2 1.080624,5 2.91794,24 2.052302,28 2.873509,68 2.801961,69 3.441731,93 2.384708,96 7.238482,102 2.587064,113 1.544583,123 2.421565,132 2.478568,171 2.577758,184 2.997585,203 4.979568,210 7.173565,222 1.750887,234 5.233858,235 2.521187,277 5.341982,315 2.759615,1000 money-supply
2 3.241873,5 2.91794,14 2.562649,15 2.170998,23 1.622588,24 1.942287,28 4.03348,41 2.259635,58 1.980731,68 4.202942,69 4.161266,81 2.984214,93 5.393874,96 7.054067,102 3.78998,124 5.519229,132 6.958219,157 2.465489,182 2.374554,183 2.952451,185 1.767252,210 2.555275,234 4.147734,243 3.451852,277 6.740831,300 2.821729,315 5.519229,337 2.512387,376 3.183065,594 6.142034,1000 money-supply
2 3.425498,5 2.730564,14 2.562649,15 2.029602,23 1.622588,24 0.647429,28 2.873509,41 2.259635,57 1.454605,58 0.660244,68 2.801961,69 1.482273,81 2.984214,93 3.889291,96 5.558243,102 3.264511,124 5.519229,132 6.407005,157 2.465489,182 2.374554,183 5.904901,185 2.801028,210 2.555275,234 4.147734,243 2.735528,277 3.370416,300 4.472335,315 5.519229,337 2.512387,594 6.142034,1000 money-supply
2 1.080624,8 3.131393,13 3.574505,14 3.233703,15 1.760059,23 3.767533,29 2.060229,35 0.946821,38 1.9722,54 1.463705,57 2.90921,58 0.660244,68 1.400981,69 3.83162,72 2.936499,78 2.827295,81 2.984214,86 1.439698,93 1.504583,102 1.632256,103 2.049482,106 2.165276,107 1.422223,132 3.928437,152 3.573834,161 2.008088,180 1.511092,181 1.99543,185 2.801028,186 2.309523,188 1.750887,208 4.164794,210 2.555275,213 4.134975,231 2.680414,232 3.405565,243 1.725926,250 2.245343,266 3.877329,267 2.001423,282 2.386011,299 5.233858,315 8.278844,337 3.982038,351 2.952451,395 2.54794,456 4.788386,516 6.441082,552 3.663518,594 8.997917,679 2.577758,870 3.130395,902 3.081447,925 5.233835,990 3.531088,1000 money-supply
2 1.712749,14 1.616852,16 3.369645,24 2.464992,28 1.436755,32 2.945052,47 3.946544,67 1.969027,79 3.024825,90 1.721483,105 3.115468,109 1.536058,120 5.594708,181 3.99086,216 3.971107,223 1.284437,244 1.728158,271 2.600994,303 2.028476,377 2.779707,423 5.016501,505 5.806538,797 3.006843,815 3.021135,1000 money-supply
2 1.080624,5 1.541608,14 2.562649,15 1.647037,16 3.912037,19 2.835302,24 2.239737,32 4.314423,47 5.099051,58 0.660244,67 3.938055,69 2.349347,79 3.024825,90 3.442965,102 2.587064,105 2.933489,120 6.764349,141 2.074822,161 2.008088,181 4.182229,203 2.144583,216 3.971107,223 1.284437,271 2.600994,303 2.028476,377 2.779707,423 7.349041,505 5.806538,641 3.419947,797 3.006843,1000 money-supply
5 1.541608,24 1.026151,32 1.858121,47 1.699684,69 1.482273,90 1.721483,102 2.587064,105 1.899978,120 2.40951,181 1.258976,581 5.865937,1000 money-supply
5 1.541608,24 1.026151,32 1.858121,47 1.699684,90 1.721483,102 1.632256,105 1.899978,120 2.40951,181 1.258976,581 5.865937,1000 money-supply
5 1.541608,24 1.026151,32 1.858121,47 1.699684,90 1.721483,102 2.587064,105 1.899978,120 2.40951,181 1.258976,581 5.865937,1000 money-supply
5 1.541608,24 1.026151,28 1.436755,32 1.858121,47 1.699684,90 1.721483,105 1.899978,120 2.40951,181 1.258976,581 5.865937,1000 money-supply
5 3.083217,14 1.616852,23 1.622588,24 1.026151,28 2.277202,32 1.858121,38 1.9722,69 1.482273,81 1.88283,90 1.721483,102 2.587064,105 2.115213,120 2.40951,124 2.759615,132 2.478568,181 1.99543,186 2.309523,189 2.363283,243 1.725926,246 7.7713,1000 money-supply
5 3.083217,14 1.616852,24 0.647429,28 2.277202,32 1.858121,68 1.400981,81 1.88283,90 1.721483,105 2.297192,124 2.759615,132 2.478568,140 1.874495,181 1.99543,186 2.309523,189 2.363283,246 7.7713,1000 money-supply
5 3.083217,14 1.616852,24 0.647429,28 2.277202,32 1.858121,68 1.400981,69 1.482273,81 1.88283,90 1.721483,105 2.454828,124 2.759615,132 2.478568,140 2.971004,181 1.99543,186 2.309523,189 2.363283,246 8.651655,1000 money-supply
5 2.91794,14 1.616852,24 0.647429,28 2.277202,32 1.858121,81 1.88283,90 1.721483,105 2.115213,124 2.759615,132 2.478568,140 1.874495,181 1.99543,186 2.309523,189 2.363283,246 7.7713,1000 money-supply
5 3.083217,14 1.616852,24 0.647429,28 2.277202,32 1.858121,68 1.400981,69 1.482273,81 1.88283,90 1.721483,105 2.454828,124 2.759615,132 2.478568,140 1.874495,181 1.99543,186 2.309523,189 2.363283,246 8.651655,1000 money-supply
1 1.682535,2 1.080624,5 2.258416,8 2.137508,13 2.439979,14 4.179501,15 1.647037,19 1.788877,20 1.519314,23 5.143483,24 0.647429,28 1.436755,29 2.060229,32 1.858121,35 1.500676,36 2.299254,38 3.944399,39 1.565484,54 2.927411,57 1.454605,60 1.278568,62 2.152786,69 2.349347,79 1.908452,81 2.984214,90 1.721483,91 3.716242,93 1.504583,97 1.746281,105 1.899978,114 2.042409,115 1.145021,120 7.637965,141 2.074822,161 2.008088,181 1.99543,189 5.487372,195 1.630311,203 2.144583,216 2.505489,227 2.078519,231 3.926735,234 2.616929,241 2.730527,244 1.728158,246 9.395984,248 4.002847,337 5.024773,389 4.173585,423 3.16506,505 3.663518,653 2.625036,676 3.501588,744 3.021135,799 2.821729,825 2.633239,865 3.130395,1000 money-supply