261
0 1.24103,1 2.98018,5 0.972647,23 1.622588,27 1.430905,30 1.611162,46 3.604567,65 1.22138,70 2.361846,83 2.108825,105 0.818276,107 2.25417,108 4.599589,118 4.209928,128 3.996229,134 4.525078,143 2.018207,172 2.12449,174 1.950293,176 2.810982,180 1.511092,198 2.254838,200 1.699684,205 1.88283,207 2.939679,223 1.284437,229 3.16506,235 1.590692,250 3.558784,282 4.772022,334 2.446323,518 3.501588,659 3.20155,816 3.130395,1000 trade
1 1.061562,6 3.272321,107 2.25417,131 1.902676,181 1.258976,190 2.40356,205 1.88283,272 1.981805,447 2.769588,518 3.501588,692 5.380534,772 4.263088,916 4.073642,1000 trade
1 2.46487,3 2.183552,5 1.541608,7 1.902676,15 0.586686,24 1.026151,27 1.430905,54 1.463705,58 0.660244,68 1.400981,70 2.361846,72 1.264681,83 2.108825,92 1.501352,105 1.636552,127 2.30437,159 3.589093,178 4.313849,193 1.755523,319 2.533499,664 3.446107,937 3.346917,1000 trade
1 2.46487,6 2.593253,10 3.493501,25 1.485417,35 0.946821,37 3.252878,46 2.274228,70 1.490159,71 2.421565,83 3.342409,101 2.637584,107 1.422223,109 2.434594,115 1.145021,128 1.998115,131 1.902676,137 3.348564,150 2.538765,154 3.705495,160 2.346713,168 2.071145,176 7.266284,180 2.395023,190 6.213112,192 2.585417,203 2.144583,223 1.284437,231 1.691153,297 2.939494,361 3.394739,394 3.081447,447 4.389694,451 5.304738,471 3.220541,503 3.20155,518 5.549886,1000 trade
1 1.061562,15 1.760059,19 2.835302,23 4.194329,27 3.698836,28 2.873509,36 2.299254,37 3.252878,53 3.472575,58 0.660244,62 2.152786,65 1.22138,68 1.400981,83 2.108825,86 1.439698,101 2.637584,106 2.165276,114 3.237142,125 5.985679,185 2.801028,189 3.745714,203 2.144583,208 1.611162,227 2.078519,243 1.725926,248 5.173604,250 2.245343,265 2.491898,337 2.512387,373 2.779707,798 4.160584,825 2.633239,841 3.594145,987 2.427672,1000 trade
1 3.184685,6 1.636161,46 2.274228,54 2.319918,70 2.980317,92 1.501352,107 1.422223,176 6.526899,190 3.809552,282 3.781738,336 2.421565,444 3.280853,447 4.389694,518 5.549886,675 3.324189,692 3.394739,730 3.20155,937 3.346917,1000 trade
1 2.123123,5 0.972647,15 1.647037,19 1.788877,24 0.647429,25 1.485417,53 2.190951,58 0.660244,65 1.935842,68 1.400981,102 1.632256,105 0.818276,114 2.042409,124 2.759615,132 2.478568,143 2.018207,243 1.725926,248 5.173604,1000 trade
1 2.123123,19 1.788877,23 2.571741,31 1.899806,43 1.88563,54 2.319918,60 1.278568,70 2.980317,80 2.259635,107 2.25417,128 1.998115,137 2.112709,152 4.509677,178 2.156924,205 1.88283,213 2.067487,215 5.283081,226 2.386011,270 2.014818,305 2.789976,323 2.585417,334 2.446323,336 2.421565,442 2.789976,465 3.183065,471 3.220541,519 3.26016,541 3.220541,661 3.280853,799 2.821729,1000 trade
1 1.682535,5 2.258416,19 3.577753,20 1.519314,31 1.899806,33 1.680634,58 0.660244,105 1.296937,107 1.422223,205 1.88283,215 5.283081,226 2.386011,227 2.078519,243 1.725926,1000 trade
1 1.682535,8 1.348617,31 1.899806,43 2.988653,58 1.046461,78 1.413648,107 1.422223,112 2.86272,205 1.88283,215 2.64154,223 1.284437,226 2.386011,270 2.014818,1000 trade
1 2.46487,24 0.647429,46 4.548457,52 3.44903,83 2.108825,105 0.818276,107 2.844445,109 1.536058,112 2.86272,137 2.112709,150 1.601783,164 2.082236,205 1.88283,254 2.519353,275 2.433833,291 2.30437,304 2.667058,305 2.789976,314 2.136476,322 5.074336,323 2.585417,382 3.130395,385 2.711793,814 3.06587,1000 trade
35 2.658063,52 3.839746,98 2.421565,109 3.072115,112 2.86272,150 3.203565,154 2.936535,188 1.750887,195 2.583982,205 1.88283,207 2.329641,223 1.284437,224 2.878114,235 2.521187,266 2.446323,272 1.981805,346 2.44005,532 3.050635,653 2.625036,870 4.961559,982 4.462494,1000 trade
1 3.184685,8 1.348617,20 2.408056,24 0.647429,27 2.267931,29 2.060229,32 1.858121,35 2.447497,52 2.970833,78 1.413648,86 1.439698,90 1.721483,109 3.072115,112 3.612351,131 1.902676,150 3.203565,161 2.008088,205 1.88283,223 1.284437,224 4.561702,254 5.038706,286 3.035728,304 2.667058,308 7.349041,321 3.006843,749 6.511687,837 3.16506,902 3.081447,1000 trade
1 2.98018,5 1.541608,19 4.153643,20 1.519314,31 1.899806,37 1.626439,69 3.441731,105 1.296937,185 3.534503,205 2.984214,215 2.64154,223 1.284437,226 2.386011,248 3.172181,272 3.141086,649 2.693551,744 3.021135,911 3.006843,943 2.855007,1000 trade
1 1.682535,13 1.539455,19 1.788877,20 3.92737,31 1.899806,58 0.660244,59 1.636161,70 3.460041,78 1.413648,80 5.841072,107 1.422223,109 2.434594,112 1.806175,128 1.998115,147 2.060229,150 2.538765,154 2.936535,200 1.699684,203 3.399084,205 1.88283,208 1.611162,223 2.035784,916 2.570182,1000 trade
1 3.365071,52 1.485417,58 0.660244,137 2.112709,164 3.300265,201 2.702612,205 1.88283,208 1.611162,254 3.99308,291 4.60874,305 4.422008,314 2.136476,323 5.170834,461 3.035728,649 2.693551,1000 trade
1 1.061562,2 1.080624,5 3.231062,19 1.788877,27 1.430905,37 1.626439,39 1.565484,369 3.26016,1000 trade
1 1.061562,2 1.080624,19 4.153643,24 2.150713,39 1.565484,43 1.88563,105 1.636552,114 2.042409,227 2.078519,369 5.167232,1000 trade
1 2.123123,2 1.712749,8 1.348617,39 1.565484,43 1.88563,52 3.44903,60 2.026482,72 1.264681,78 1.413648,208 1.611162,312 2.616929,350 2.52639,373 2.779707,535 3.302182,775 2.855007,919 3.021135,1000 trade
1 2.123123,37 3.252878,52 1.485417,58 0.660244,72 1.264681,83 2.108825,92 1.501352,101 1.66413,109 1.536058,110 2.570182,118 5.441253,128 3.166937,131 1.902676,150 1.601783,154 1.852748,164 2.082236,174 1.950293,200 1.699684,201 5.405223,207 1.46984,235 1.590692,281 1.88004,291 4.60874,297 2.939494,314 2.136476,317 2.519353,323 2.585417,460 3.130395,484 5.645478,659 3.20155,678 2.889963,765 4.58887,1000 trade
1 1.682535,5 3.083217,19 1.788877,27 1.430905,37 1.626439,43 4.378298,53 2.190951,54 1.463705,58 0.660244,102 1.632256,138 2.391811,185 1.767252,196 2.021613,1000 trade
1 1.061562,5 3.364805,19 2.835302,27 1.430905,37 1.626439,43 2.988653,53 2.190951,54 1.463705,58 0.660244,93 3.009166,102 1.632256,186 2.309523,196 3.204182,1000 trade
1 2.123123,2 1.080624,5 1.945293,8 1.348617,15 0.586686,24 1.026151,27 1.430905,29 4.120458,33 1.680634,37 1.626439,43 1.88563,58 0.660244,65 1.935842,69 1.482273,72 2.529362,91 3.716242,101 1.66413,105 1.636552,114 2.042409,159 2.264465,280 2.190951,299 2.616929,461 4.811516,852 3.419947,1000 trade
35 0.946821,37 1.626439,72 2.004472,83 3.342409,92 1.501352,109 1.536058,150 1.601783,159 5.257926,164 2.082236,235 2.521187,253 2.721097,314 2.136476,409 5.958227,638 2.711793,662 2.789976,678 2.889963,983 2.952451,1000 trade
1 1.682535,5 2.730564,15 0.929876,19 1.788877,23 2.571741,25 1.485417,29 2.060229,36 2.299254,38 1.9722,43 2.988653,52 1.485417,54 1.463705,57 1.454605,58 1.320487,60 2.557135,62 2.152786,70 1.490159,72 2.529362,92 1.501352,101 1.66413,105 1.636552,131 1.902676,141 2.074822,143 2.018207,159 6.357158,168 2.071145,174 1.950293,188 1.750887,207 1.46984,243 2.735528,253 2.721097,287 2.939494,350 2.52639,812 3.324189,1000 trade
0 1.966986,1 1.682535,5 3.486902,7 1.902676,9 3.620261,23 2.571741,24 1.67358,27 2.86181,37 4.204284,43 3.771261,54 2.319918,58 1.706705,59 1.636161,63 1.514369,65 1.22138,68 2.220502,69 4.446819,72 1.264681,93 2.384708,105 2.593874,127 2.30437,143 2.018207,151 2.264465,159 2.264465,168 2.071145,185 1.767252,223 1.284437,235 1.590692,253 2.721097,562 3.346917,708 4.108417,758 4.462494,934 4.181447,1000 trade
1 1.061562,3 2.755336,15 0.586686,25 1.485417,27 2.267931,30 1.611162,35 0.946821,52 1.485417,81 1.88283,101 1.66413,109 3.072115,115 1.145021,128 1.998115,138 2.391811,143 2.018207,150 3.203565,154 1.852748,159 5.257926,164 2.082236,180 1.511092,253 5.442193,314 2.136476,317 2.519353,334 2.446323,1000 trade
0 1.966986,1 1.682535,5 3.59922,7 1.902676,9 3.620261,23 2.571741,24 1.67358,27 2.86181,37 4.204284,43 3.771261,54 2.319918,58 1.853538,59 1.636161,63 1.514369,65 1.22138,68 2.220502,69 4.446819,72 1.264681,93 2.384708,105 2.718254,127 2.30437,151 2.264465,159 3.589093,168 2.071145,185 1.767252,223 1.284437,235 1.590692,562 3.346917,708 4.108417,758 4.462494,934 4.181447,1000 trade
1 2.123123,5 2.258416,23 1.622588,37 1.626439,43 2.988653,52 4.708659,58 0.660244,68 1.400981,72 1.264681,86 1.439698,91 2.945052,101 3.32826,105 1.296937,112 3.612351,115 1.145021,128 3.166937,143 2.018207,147 2.060229,205 1.88283,208 1.611162,219 2.116614,223 1.284437,235 1.590692,250 2.245343,305 2.789976,315 4.373886,471 3.220541,652 3.26016,848 3.782635,1000 trade
1 2.744097,4 1.174563,5 0.972647,27 1.430905,34 1.950293,35 0.946821,47 1.699684,52 3.839746,58 0.660244,60 1.278568,70 2.361846,72 2.936499,92 3.486031,105 0.818276,112 3.612351,180 1.511092,195 1.630311,207 1.46984,219 2.116614,223 2.568874,227 2.078519,232 2.148672,267 2.001423,275 2.433833,282 2.386011,286 3.035728,304 4.227187,321 3.006843,427 3.16506,428 6.682773,460 3.130395,532 9.151906,653 2.625036,799 2.821729,943 2.855007,956 3.419947,960 3.663518,983 2.952451,1000 trade
1 3.805659,5 1.945293,19 1.788877,27 1.430905,35 0.946821,37 2.577845,43 2.988653,46 2.274228,51 1.994822,52 2.354329,58 1.533038,72 2.004472,83 3.342409,92 1.501352,105 1.636552,109 3.970651,118 4.209928,123 2.421565,128 1.998115,131 3.01567,134 2.855007,137 2.112709,150 4.496772,164 2.082236,174 4.528439,176 5.621965,195 1.630311,199 2.357715,200 2.693935,201 2.702612,205 1.88283,229 3.16506,235 1.590692,259 1.935058,291 5.95671,305 2.789976,314 3.386234,317 3.99308,321 3.006843,323 2.585417,325 3.006843,336 3.838089,390 2.789976,428 2.878114,442 2.789976,460 6.26079,471 3.220541,659 3.20155,814 4.859289,821 3.097382,1000 trade
1 1.682535,6 2.593253,14 1.616852,25 1.485417,92 1.501352,101 1.66413,106 2.165276,108 2.902018,109 3.072115,118 4.209928,131 1.902676,134 2.855007,137 2.112709,141 2.074822,144 2.505489,150 3.203565,160 4.693425,162 2.346713,174 1.950293,181 1.258976,184 1.891266,200 1.699684,207 1.46984,271 2.600994,272 1.981805,304 2.667058,305 2.789976,330 2.368895,346 2.44005,390 2.789976,471 3.220541,653 2.625036,727 3.594145,734 3.050635,782 4.58887,814 4.859289,943 2.855007,1000 trade
1 2.123123,5 0.972647,35 0.946821,43 1.88563,52 2.970833,59 1.636161,83 2.108825,101 2.637584,112 2.86272,181 1.258976,195 1.630311,219 2.116614,222 1.750887,235 1.590692,275 2.433833,308 3.16506,638 2.711793,1000 trade
1 2.46487,5 1.945293,6 3.799047,24 0.647429,25 1.485417,35 1.893643,59 1.636161,65 1.22138,70 1.490159,82 3.838089,98 4.843129,105 1.636552,158 1.88004,168 4.14229,205 1.88283,252 2.979113,272 3.141086,293 2.264465,341 2.939494,356 2.616929,357 5.387102,368 6.26079,375 3.006843,397 2.979113,475 4.765733,746 3.346917,964 3.594145,992 3.5619,1000 trade
1 1.061562,5 2.91794,24 1.294858,27 1.430905,37 1.626439,43 4.378298,53 2.190951,58 0.660244,93 4.223899,105 2.297192,113 1.544583,124 2.759615,132 2.478568,186 2.309523,244 1.728158,1000 trade
1 2.123123,6 1.636161,46 2.274228,70 1.490159,92 1.501352,107 2.25417,109 3.072115,131 4.918345,150 2.538765,178 2.156924,180 1.511092,207 1.46984,247 2.274228,291 2.30437,305 2.789976,394 4.883978,653 2.625036,662 5.579953,821 3.097382,840 3.147511,900 5.596642,919 4.788386,1000 trade
1 2.98018,6 2.593253,46 2.274228,60 1.278568,63 1.514369,65 1.22138,70 2.361846,92 1.501352,93 1.504583,107 1.422223,121 4.507214,133 1.360355,143 2.018207,174 1.950293,176 4.455302,180 2.395023,190 2.40356,200 2.693935,207 2.329641,223 1.284437,232 2.148672,282 3.781738,323 2.585417,330 2.368895,343 3.006843,394 3.081447,447 2.769588,518 3.501588,684 8.526176,982 4.462494,1000 trade
1 3.526431,3 1.377668,15 0.929876,24 0.647429,27 2.267931,46 2.274228,51 1.994822,58 1.320487,59 1.636161,60 2.026482,63 1.514369,65 1.22138,92 2.379586,105 0.818276,107 1.422223,115 1.145021,133 1.360355,169 2.346713,198 3.573834,204 2.330529,207 2.329641,223 1.284437,230 2.8004,235 1.590692,286 3.035728,297 2.939494,304 5.334116,317 3.99308,343 4.765733,373 2.779707,407 2.866464,428 2.878114,943 2.855007,1000 trade
1 2.123123,5 0.972647,27 2.267931,49 2.284131,52 2.354329,58 1.046461,70 2.361846,86 1.439698,92 1.501352,105 0.818276,107 2.25417,109 3.072115,137 3.348564,140 1.874495,150 3.203565,164 2.082236,180 2.395023,192 2.585417,199 2.357715,205 1.88283,222 1.750887,223 1.284437,247 2.274228,257 3.220538,279 2.54794,291 3.65234,304 2.667058,343 4.765733,373 2.779707,428 2.878114,458 3.050635,653 2.625036,668 7.401988,725 3.370416,916 2.570182,943 4.525078,1000 trade
1 3.6724,35 0.946821,54 2.319918,70 2.361846,92 1.501352,109 1.536058,128 1.998115,131 4.417876,137 2.112709,150 1.601783,178 2.156924,244 1.728158,247 2.274228,281 1.88004,286 3.035728,305 2.789976,394 3.081447,638 2.711793,662 2.789976,730 3.20155,798 2.625036,814 4.859289,821 3.097382,840 3.147511,900 3.531088,1000 trade
1 3.6724,5 1.945293,19 1.788877,43 1.88563,54 1.463705,58 0.660244,61 2.40951,72 1.264681,83 2.108825,86 1.439698,91 1.858121,105 0.818276,109 1.536058,113 1.544583,115 1.145021,150 1.601783,164 3.300265,180 1.511092,201 2.702612,207 1.46984,223 1.284437,272 1.981805,286 3.035728,291 2.30437,308 3.16506,321 3.006843,323 2.585417,428 2.878114,460 3.130395,673 2.914286,943 2.855007,1000 trade
1 2.46487,27 3.698836,35 0.946821,37 1.626439,60 1.278568,70 1.490159,83 2.108825,109 1.536058,115 1.145021,137 2.112709,150 1.601783,185 1.767252,205 1.88283,291 2.30437,305 2.789976,323 2.585417,339 5.540146,343 3.006843,390 2.789976,814 3.06587,840 3.147511,975 3.370416,986 5.732928,1000 trade
1 2.46487,5 1.945293,15 0.929876,19 2.835302,24 0.647429,27 2.267931,53 2.190951,58 0.660244,72 1.264681,105 1.899978,185 3.534503,339 4.772022,1000 trade
1 1.061562,5 1.541608,19 1.788877,25 2.354329,27 2.267931,37 1.626439,63 2.400218,72 2.936499,78 2.240578,83 5.920221,105 0.818276,141 2.074822,143 4.036415,214 2.173729,218 1.86626,223 1.284437,259 1.935058,291 2.30437,296 2.821729,339 7.158033,445 2.878114,484 3.5619,1000 trade
1 1.061562,5 2.258416,19 1.788877,24 1.026151,27 1.430905,37 1.626439,93 2.384708,102 3.264511,105 1.296937,185 1.767252,339 3.781738,1000 trade
1 2.123123,5 2.514255,15 0.586686,24 0.647429,27 2.86181,28 1.436755,33 1.680634,37 1.626439,53 2.190951,58 0.660244,59 1.636161,72 1.264681,83 2.108825,102 2.587064,105 2.115213,106 2.165276,189 2.363283,339 6.698379,484 3.5619,1000 trade
1 2.123123,6 1.636161,14 1.616852,17 3.248353,30 1.611162,42 2.12449,43 1.88563,51 1.994822,55 2.49866,61 2.40951,68 1.400981,70 3.460041,92 2.379586,107 2.844445,109 3.072115,111 2.485201,116 2.173729,131 3.01567,137 2.112709,138 3.790931,141 2.074822,150 3.203565,152 2.254838,164 6.246707,177 2.341276,178 2.156924,196 2.021613,197 2.485201,200 1.699684,247 2.274228,254 3.99308,291 2.30437,304 2.667058,314 2.136476,336 2.421565,380 4.455302,390 4.422008,471 3.220541,507 3.081447,523 7.003176,573 3.501588,733 2.702612,912 3.220541,1000 trade
1 2.123123,2 4.322498,5 0.972647,23 1.622588,31 1.899806,38 3.125863,39 1.565484,46 2.274228,52 2.970833,54 2.927411,57 1.454605,58 0.660244,60 2.557135,61 2.40951,70 4.470476,72 1.264681,83 2.108825,91 1.858121,105 0.818276,109 2.434594,128 3.996229,141 2.074822,150 2.538765,159 2.264465,164 2.082236,181 1.99543,195 3.260623,202 4.110064,207 4.409519,210 5.933165,215 4.186742,218 1.86626,226 2.386011,227 2.078519,231 1.691153,254 2.519353,270 2.014818,336 2.421565,353 2.711793,382 3.130395,427 3.16506,442 2.789976,471 3.220541,638 4.298089,779 3.782635,798 2.625036,824 3.782635,827 3.130395,916 2.570182,1000 trade
1 2.46487,6 3.272321,35 1.500676,46 2.274228,54 1.463705,59 1.636161,63 1.514369,65 1.935842,81 2.984214,91 2.945052,107 1.422223,114 2.042409,118 2.104964,160 5.448898,162 3.719452,174 3.091141,180 1.511092,187 2.250074,190 5.580893,195 2.583982,200 3.399368,201 2.702612,205 1.88283,207 4.126361,226 2.386011,231 2.680414,269 2.082236,330 2.368895,336 2.421565,353 2.711793,456 3.021135,528 3.5619,812 3.324189,827 3.130395,851 3.782635,1000 trade
1 1.061562,5 3.083217,19 2.835302,24 1.026151,27 1.430905,28 2.277202,37 1.626439,43 2.988653,53 2.190951,58 0.660244,69 4.446819,93 3.009166,114 2.042409,227 2.078519,672 5.995335,1000 trade
1 1.061562,72 1.264681,118 4.887575,134 2.855007,174 1.950293,180 1.511092,184 1.891266,200 1.699684,227 2.078519,229 3.16506,254 2.519353,281 2.979793,291 3.65234,314 2.136476,428 2.878114,943 2.855007,1000 trade
1 1.061562,5 2.514255,15 0.929876,27 2.267931,37 2.577845,53 2.190951,58 1.320487,93 3.889291,102 1.632256,113 3.089167,227 2.078519,1000 trade
0 1.24103,1 1.682535,5 0.972647,19 2.835302,58 1.046461,93 1.504583,107 2.25417,109 2.434594,115 1.145021,118 7.546216,121 2.843736,131 4.918345,133 1.360355,172 2.12449,174 4.528439,177 3.710835,180 2.395023,196 2.021613,200 2.693935,269 2.082236,272 1.981805,279 4.03839,282 2.386011,334 2.446323,369 3.26016,428 6.682773,447 2.769588,662 5.579953,668 3.700994,916 2.570182,1000 trade
1 1.682535,93 1.504583,115 1.145021,118 2.104964,174 1.950293,176 2.810982,200 1.699684,207 1.46984,373 2.779707,444 3.280853,652 3.26016,943 2.855007,1000 trade
1 1.061562,2 1.080624,5 1.541608,24 0.647429,33 1.680634,72 1.264681,109 1.536058,118 5.441253,160 2.346713,200 2.693935,218 1.86626,282 4.772022,334 2.446323,364 4.988687,1000 trade
1 2.123123,23 1.622588,27 1.430905,37 1.626439,71 2.421565,109 1.536058,118 4.887575,150 1.601783,154 1.852748,174 3.091141,200 1.699684,291 2.30437,297 2.939494,305 2.789976,323 2.585417,356 2.616929,373 2.779707,375 3.006843,397 2.979113,460 3.130395,484 3.5619,883 3.473293,1000 trade
1 3.805659,6 1.636161,46 2.274228,58 0.660244,107 3.676392,118 5.909381,131 3.01567,168 3.282687,174 1.950293,176 7.891425,190 6.213112,200 1.699684,223 1.284437,282 3.781738,321 3.006843,339 2.386011,356 2.616929,373 2.779707,375 3.006843,397 2.979113,428 2.878114,447 5.539177,518 3.501588,692 5.380534,916 2.570182,993 3.82737,1000 trade
1 2.123123,92 1.501352,108 2.902018,118 4.209928,131 1.902676,134 2.855007,137 3.348564,152 2.254838,160 2.346713,174 1.950293,184 1.891266,200 1.699684,231 1.691153,247 2.274228,291 2.30437,298 2.325218,304 2.667058,471 3.220541,1000 trade
1 2.98018,19 2.835302,27 2.86181,46 2.274228,60 1.278568,62 3.412085,70 1.490159,72 1.264681,114 2.042409,118 2.104964,137 2.112709,143 2.018207,174 1.950293,200 1.699684,201 6.98615,208 1.611162,223 2.035784,270 2.014818,272 1.981805,323 4.097789,394 3.081447,442 2.789976,447 2.769588,460 3.130395,461 4.811516,484 5.645478,746 3.346917,795 3.782635,986 5.732928,1000 trade
1 2.744097,4 1.861639,35 1.500676,46 2.274228,51 1.994822,60 2.557135,83 3.342409,107 1.422223,109 2.434594,118 4.209928,137 3.348564,150 2.538765,154 2.936535,174 1.950293,176 7.891425,192 5.170834,200 1.699684,207 1.46984,225 2.363283,267 2.001423,281 1.88004,304 2.667058,427 3.16506,494 8.084706,652 3.26016,673 2.914286,696 4.181447,772 4.263088,1000 trade
1 3.6724,37 3.252878,57 1.454605,60 1.278568,72 1.264681,109 3.566615,118 3.336289,128 3.166937,131 1.902676,137 2.112709,150 3.719224,164 4.164471,174 1.950293,176 4.455302,200 1.699684,201 6.27527,207 1.46984,223 2.035784,235 1.590692,272 1.981805,286 6.071457,291 3.65234,314 2.136476,321 3.006843,323 4.097789,427 6.33012,442 2.789976,461 3.035728,639 4.108417,673 2.914286,795 3.782635,1000 trade
1 3.526431,35 0.946821,37 2.577845,46 2.274228,52 4.45625,58 0.660244,70 1.490159,71 2.421565,72 1.264681,101 1.66413,107 1.422223,109 1.536058,112 1.806175,118 7.281978,150 1.601783,174 3.091141,180 1.511092,195 1.630311,200 1.699684,235 1.590692,254 2.519353,275 2.433833,282 6.698379,291 2.30437,297 2.939494,314 2.136476,336 2.421565,343 3.006843,356 2.616929,373 2.779707,375 3.006843,397 2.979113,405 2.832645,428 5.756227,471 3.220541,653 2.625036,883 3.473293,1000 trade
1 1.682535,15 0.586686,30 2.553632,35 2.447497,48 1.544583,52 4.708659,57 1.454605,59 1.636161,60 1.278568,63 4.543107,65 1.935842,72 2.004472,93 1.504583,107 2.844445,112 4.668896,130 3.166937,133 1.360355,161 2.008088,181 1.99543,184 1.891266,195 2.583982,199 6.094605,208 3.741003,214 2.173729,222 1.750887,223 1.284437,224 2.878114,225 2.363283,226 2.386011,235 5.50289,248 2.001423,250 2.245343,270 2.014818,274 2.250074,285 1.944158,310 4.867666,316 3.26016,322 3.20155,343 3.006843,448 10.33832,486 3.20155,537 3.627964,555 12.113505,605 5.865937,638 2.711793,654 4.58887,668 3.700994,687 3.183065,690 4.58887,925 3.302182,938 4.743541,986 2.866464,1000 trade
1 3.184685,2 2.161249,5 2.730564,23 1.622588,24 1.503284,27 2.267931,33 1.680634,35 0.946821,37 1.626439,38 1.9722,39 1.565484,43 1.88563,52 1.485417,54 4.109141,58 0.660244,60 2.026482,70 1.490159,72 2.529362,80 2.259635,91 5.216405,92 1.501352,105 2.297192,109 3.566615,114 2.042409,115 1.145021,128 1.998115,131 3.01567,137 4.225417,138 2.391811,150 3.719224,152 2.254838,154 1.852748,181 1.258976,185 1.767252,189 2.363283,190 2.40356,195 1.630311,196 2.021613,201 2.702612,202 2.593162,203 3.399084,207 2.329641,208 1.611162,223 1.284437,231 1.691153,232 2.148672,235 1.590692,250 2.245343,299 2.616929,305 2.789976,308 10.033002,319 2.533499,383 2.649942,428 2.878114,484 3.5619,653 2.625036,681 3.875192,730 3.20155,847 3.370416,870 3.130395,920 2.939494,943 2.855007,986 2.866464,1000 trade
1 4.339094,5 2.514255,19 2.835302,20 1.519314,24 0.647429,27 2.267931,28 1.436755,33 1.680634,37 3.252878,43 4.378298,46 3.604567,52 5.496694,58 1.320487,69 1.482273,70 2.361846,71 2.421565,72 2.004472,83 4.896541,93 1.504583,105 2.297192,107 1.422223,109 1.536058,112 3.612351,143 2.018207,150 1.601783,154 1.852748,164 3.300265,181 1.258976,188 1.750887,195 1.630311,201 2.702612,207 1.46984,208 1.611162,222 1.750887,224 4.561702,235 1.590692,238 2.011445,259 3.066994,272 3.141086,281 1.88004,285 3.081418,286 4.811516,291 4.60874,308 3.16506,314 4.272952,323 4.097789,343 3.006843,382 3.130395,384 2.740088,385 2.711793,394 6.162894,402 3.26016,409 2.979113,442 2.789976,460 3.130395,461 3.035728,532 3.050635,557 3.394739,673 2.914286,681 3.875192,692 3.394739,723 2.693551,797 3.006843,883 3.473293,1000 trade
0 1.24103,1 4.426632,2 1.080624,5 3.486902,15 1.859752,19 3.577753,20 3.527738,23 1.622588,24 0.647429,25 1.485417,27 4.292716,28 1.436755,31 1.899806,33 3.361269,34 1.950293,43 4.874283,46 3.604567,48 2.448107,52 3.44903,54 2.927411,58 1.853538,65 1.22138,68 1.400981,69 1.482273,70 4.183404,72 1.264681,80 5.841072,83 5.451235,92 2.379586,93 2.384708,105 2.115213,114 2.042409,118 2.104964,128 4.639479,137 2.112709,143 3.198783,147 2.060229,151 2.264465,152 2.254838,154 1.852748,164 2.082236,180 1.511092,181 1.258976,189 4.726565,195 2.583982,205 1.88283,208 3.741003,215 2.64154,225 2.363283,226 2.386011,243 1.725926,250 2.245343,266 2.446323,274 2.250074,281 1.88004,288 2.44005,291 2.30437,299 2.616929,300 2.821729,305 2.789976,310 2.433833,314 3.386234,337 2.512387,343 4.765733,353 2.711793,363 2.391811,382 3.130395,394 3.081447,409 2.979113,435 2.914286,458 3.050635,461 6.071457,471 3.220541,484 3.5619,532 3.050635,745 3.875192,799 2.821729,821 3.097382,869 3.302182,870 3.130395,1000 trade
1 1.061562,5 0.972647,8 2.697235,15 0.929876,20 2.408056,27 1.430905,37 1.626439,57 1.454605,58 0.660244,78 1.413648,83 2.108825,91 1.858121,92 1.501352,107 2.25417,131 1.902676,145 3.147511,177 5.436275,181 1.258976,196 3.204182,332 4.507214,336 2.421565,418 3.050635,484 3.5619,507 8.650715,759 6.311386,1000 trade
1 2.98018,35 0.946821,37 2.577845,46 2.274228,52 1.485417,54 2.319918,60 2.557135,72 2.004472,92 2.379586,112 4.668896,137 3.348564,164 2.082236,172 2.12449,180 2.395023,181 1.258976,199 3.73689,201 2.702612,247 3.604567,267 2.001423,293 2.264465,297 2.939494,304 2.667058,390 2.789976,409 2.979113,461 3.035728,493 9.842559,512 3.302182,532 3.050635,537 5.750187,653 2.625036,896 3.501588,943 2.855007,992 3.5619,1000 trade
1 2.46487,5 2.258416,9 4.568261,13 1.539455,15 0.586686,16 1.684823,25 2.354329,27 1.430905,54 3.783624,57 1.454605,58 1.320487,60 1.278568,65 1.935842,68 1.400981,70 4.470476,71 2.421565,72 3.269153,78 2.240578,84 2.152786,86 1.439698,92 1.501352,101 1.66413,105 1.636552,109 2.434594,121 2.843736,128 1.998115,143 2.018207,151 3.589093,159 3.589093,168 3.282687,180 3.508646,193 1.755523,198 3.573834,205 1.88283,207 1.46984,218 1.86626,223 1.284437,231 1.691153,243 1.725926,282 2.386011,334 2.446323,350 5.05278,380 2.810982,385 2.711793,395 2.54794,435 2.914286,471 3.220541,638 2.711793,653 2.625036,825 2.633239,908 7.014859,919 3.021135,993 3.82737,1000 trade
1 4.80204,5 0.972647,19 1.788877,24 0.647429,35 0.946821,37 1.626439,43 2.988653,46 3.604567,51 1.994822,52 5.138697,58 0.660244,70 1.490159,72 2.004472,83 3.342409,105 0.818276,107 2.844445,109 3.072115,112 4.668896,118 6.992539,131 1.902676,137 2.112709,143 2.018207,150 3.203565,164 2.082236,174 4.528439,176 2.810982,180 3.022183,181 1.258976,184 1.891266,189 2.363283,195 2.583982,199 2.357715,200 3.946544,219 3.354753,223 1.284437,231 2.680414,232 2.148672,254 2.519353,275 2.433833,280 2.190951,282 3.781738,286 4.811516,297 4.658988,304 2.667058,308 3.16506,321 4.765733,330 2.368895,373 2.779707,382 4.961559,409 2.979113,427 3.16506,532 3.050635,535 3.302182,557 3.394739,593 3.700994,605 5.865937,653 2.625036,799 2.821729,916 2.570182,939 3.446107,940 4.263088,993 3.82737,1000 trade
1 1.061562,5 1.541608,19 1.788877,27 1.430905,37 1.626439,58 0.660244,86 1.439698,92 1.501352,105 1.296937,107 1.422223,118 6.672578,174 1.950293,178 2.156924,200 1.699684,223 1.284437,339 6.698379,373 2.779707,411 2.749783,428 2.878114,943 2.855007,1000 trade
0 1.24103,1 2.46487,25 2.354329,70 1.490159,72 1.264681,93 1.504583,137 2.112709,164 2.082236,165 2.299254,177 4.682552,196 3.204182,205 1.88283,223 1.284437,231 1.691153,314 3.386234,428 2.878114,435 2.914286,507 3.081447,798 2.625036,1000 trade
20 1.519314,32 1.858121,33 1.680634,35 0.946821,38 1.9722,65 1.935842,83 3.342409,90 2.728486,112 2.86272,180 1.511092,195 1.630311,198 3.573834,223 1.284437,231 1.691153,272 1.981805,281 2.979793,865 3.130395,989 3.627964,1000 trade
1 1.061562,5 2.730564,24 1.294858,27 2.86181,37 3.252878,43 3.771261,58 0.660244,69 3.441731,93 2.384708,113 1.544583,185 1.767252,1000 trade
1 2.46487,5 3.486902,15 0.929876,19 5.022012,24 1.026151,27 1.430905,37 1.626439,43 3.771261,45 2.165276,58 0.660244,69 2.964546,93 3.889291,124 4.373886,132 3.928437,160 2.346713,188 1.750887,277 3.370416,1000 trade
1 2.123123,15 0.586686,54 1.463705,58 0.660244,68 1.400981,70 2.361846,72 1.264681,92 2.379586,131 1.902676,178 2.156924,188 1.750887,336 2.421565,661 3.280853,814 3.06587,1000 trade
1 1.682535,27 1.430905,35 1.500676,46 2.274228,51 1.994822,52 1.485417,65 1.935842,70 1.490159,107 2.844445,112 4.193809,118 2.104964,128 1.998115,131 3.01567,172 4.248981,174 3.091141,176 5.621965,178 3.418644,180 1.511092,192 2.585417,200 1.699684,223 1.284437,275 2.433833,304 2.667058,316 3.26016,322 5.074336,343 4.765733,344 3.050635,361 3.394739,409 2.979113,448 3.446107,593 3.700994,678 2.889963,686 3.5619,1000 trade
1 2.46487,13 1.539455,23 2.571741,35 0.946821,38 1.9722,46 2.274228,54 1.463705,57 1.454605,60 1.278568,70 4.470476,91 1.858121,92 1.501352,107 1.422223,115 1.145021,121 2.843736,131 1.902676,180 1.511092,207 1.46984,223 1.284437,286 3.035728,330 2.368895,353 2.711793,373 2.779707,652 3.26016,857 3.663518,908 4.788386,910 3.473293,1000 trade
1 2.46487,6 1.636161,25 1.485417,46 2.274228,58 0.660244,70 2.361846,107 1.422223,128 1.998115,131 1.902676,176 8.910604,195 1.630311,281 1.88004,343 6.013686,356 2.616929,375 4.765733,397 2.979113,447 8.308765,518 3.501588,848 3.782635,908 3.021135,1000 trade
1 1.061562,25 1.485417,46 2.274228,101 1.66413,107 1.422223,172 3.367238,176 5.621965,192 2.585417,197 2.485201,223 1.284437,304 4.227187,343 3.006843,983 2.952451,1000 trade
1 2.744097,46 2.274228,60 1.278568,92 1.501352,107 1.422223,128 1.998115,131 3.01567,176 4.455302,180 3.508646,207 1.46984,223 1.284437,282 5.540146,444 3.280853,447 2.769588,518 3.501588,604 3.5619,638 2.711793,848 3.782635,1000 trade
1 2.744097,15 0.586686,46 2.274228,69 1.482273,107 2.25417,115 1.814816,118 2.104964,121 2.843736,137 3.348564,174 1.950293,176 6.526899,178 2.156924,180 1.511092,192 6.003152,200 3.399368,207 1.46984,223 1.284437,238 2.011445,272 5.122891,279 5.095881,281 1.88004,286 4.811516,293 2.264465,321 4.765733,335 2.386011,390 2.789976,867 2.939494,1000 trade
1 3.6724,5 0.972647,8 2.697235,13 2.439979,14 1.616852,15 1.173373,19 5.670605,20 3.038628,23 1.622588,25 1.485417,27 2.267931,29 4.120458,37 2.577845,46 2.274228,52 2.354329,53 2.190951,57 1.454605,58 1.533038,63 1.514369,68 1.400981,70 1.490159,72 2.004472,78 2.240578,81 1.88283,83 3.342409,90 3.442965,101 1.66413,105 0.818276,109 2.434594,114 3.237142,128 3.166937,137 2.112709,150 2.538765,151 2.264465,154 1.852748,176 8.432947,188 1.750887,189 2.363283,190 2.40356,194 2.965654,200 1.699684,207 4.126361,213 4.800557,218 1.86626,232 2.148672,238 2.011445,250 2.245343,259 1.935058,300 2.821729,305 2.789976,330 2.368895,350 2.52639,353 2.711793,394 3.081447,471 5.104437,535 5.233835,649 2.693551,825 2.633239,1000 trade
0 1.966986,1 1.061562,2 2.161249,18 2.335882,20 2.408056,25 1.485417,33 1.680634,54 1.463705,58 0.660244,65 1.22138,67 1.969027,133 1.360355,154 1.852748,165 2.299254,177 3.710835,196 3.204182,207 1.46984,208 1.611162,223 1.284437,243 1.725926,255 2.562689,269 2.082236,299 2.616929,356 2.616929,428 2.878114,507 4.883978,634 3.875192,1000 trade
15 1.647037,25 2.354329,53 2.190951,65 2.835957,69 3.441731,90 1.721483,93 4.223899,102 2.587064,113 2.448107,133 1.360355,136 2.702612,143 4.036415,238 2.011445,266 3.877329,870 4.961559,1000 trade
1 2.123123,5 2.730564,43 4.378298,53 2.190951,69 2.349347,90 1.721483,93 2.384708,114 4.742328,115 1.145021,185 1.767252,259 1.935058,264 4.760517,288 2.44005,369 5.167232,672 3.782635,1000 trade
1 1.061562,5 3.890587,15 1.859752,19 3.577753,27 3.698836,28 1.436755,37 2.577845,43 1.88563,53 2.190951,58 0.660244,59 1.636161,69 4.161266,93 3.889291,101 1.66413,102 2.587064,105 3.027981,113 1.544583,1000 trade
1 1.682535,181 1.258976,272 1.981805,279 2.54794,323 2.585417,442 2.789976,638 2.711793,1000 trade
0 1.24103,1 2.744097,2 1.080624,5 3.231062,8 2.137508,13 3.078911,14 2.562649,15 1.760059,16 2.670381,19 4.624179,20 2.408056,23 1.622588,24 1.294858,25 1.485417,27 2.267931,29 3.265386,33 4.718137,35 1.500676,36 2.299254,37 1.626439,43 2.988653,47 1.699684,57 2.305494,58 2.193281,60 1.278568,62 2.152786,67 1.969027,68 1.400981,72 1.264681,78 1.413648,83 2.108825,101 1.66413,102 1.632256,105 2.297192,112 1.806175,114 2.042409,115 1.814816,133 1.360355,140 1.874495,147 2.060229,188 1.750887,213 2.067487,227 2.078519,235 2.521187,243 1.725926,250 2.245343,264 2.380259,389 4.173585,641 3.419947,725 3.370416,827 3.130395,920 2.939494,928 2.889963,1000 trade
1 2.744097,2 3.033696,5 1.541608,8 1.348617,13 2.439979,15 0.929876,17 2.049482,19 2.835302,20 3.527738,23 1.622588,24 0.647429,25 1.485417,27 1.430905,29 2.060229,31 1.899806,35 1.500676,37 1.626439,38 3.944399,39 1.565484,43 1.88563,46 2.274228,47 1.699684,52 3.44903,54 3.783624,57 3.760099,58 0.660244,60 2.026482,69 1.482273,70 5.673563,72 1.264681,78 1.413648,86 1.439698,90 1.721483,91 1.858121,92 1.501352,97 1.746281,105 1.636552,109 3.566615,114 2.042409,128 1.998115,131 3.01567,133 1.360355,137 3.348564,143 2.018207,150 3.203565,152 3.573834,154 2.936535,159 2.264465,164 4.164471,178 2.156924,181 2.517953,188 1.750887,195 3.260623,202 2.593162,205 1.88283,207 2.329641,208 1.611162,213 3.27689,215 4.186742,226 2.386011,231 3.382305,238 2.011445,247 2.274228,253 2.721097,254 2.519353,259 1.935058,265 2.491898,280 2.190951,282 4.772022,300 2.821729,305 2.789976,314 4.272952,353 5.423585,357 2.693551,389 2.633239,390 2.789976,405 4.489636,409 2.979113,461 3.035728,537 3.627964,605 3.700994,653 2.625036,794 4.58887,799 2.821729,816 3.130395,820 3.663518,863 2.866464,968 3.594145,1000 trade
0 1.966986,1 2.98018,5 1.945293,7 1.902676,9 2.284131,15 0.929876,19 1.788877,22 3.215059,27 1.430905,35 0.946821,37 1.626439,42 2.12449,48 2.448107,70 1.490159,72 2.004472,78 1.413648,83 2.108825,101 1.66413,105 1.636552,114 2.042409,154 1.852748,158 1.88004,177 3.710835,185 2.801028,190 2.40356,196 2.021613,208 1.611162,357 2.693551,366 3.240068,382 3.130395,484 3.5619,661 3.280853,733 2.702612,987 2.427672,989 3.627964,1000 trade
0 2.482059,1 4.147405,5 2.730564,7 1.902676,9 2.284131,15 0.929876,19 3.577753,22 3.215059,23 1.622588,24 0.647429,27 2.267931,35 0.946821,37 1.626439,42 2.12449,46 2.274228,48 2.448107,58 1.046461,65 1.22138,67 1.969027,70 2.361846,72 2.936499,78 1.413648,83 4.896541,95 2.633239,101 1.66413,105 2.115213,107 1.422223,113 1.544583,114 3.237142,154 1.852748,158 1.88004,159 2.264465,165 2.299254,176 4.455302,177 3.710835,185 2.801028,190 2.40356,192 2.585417,196 2.021613,208 1.611162,222 1.750887,223 1.284437,231 1.691153,232 2.148672,257 2.031933,259 1.935058,267 2.001423,328 5.016501,334 2.446323,357 2.693551,358 2.8004,366 5.135386,382 3.130395,438 3.370416,471 3.220541,484 3.5619,487 3.050635,661 3.280853,669 4.263088,733 2.702612,928 2.889963,987 3.847769,989 3.627964,1000 trade
1 1.682535,5 3.231062,19 2.835302,27 1.430905,28 1.436755,37 1.626439,58 1.046461,92 1.501352,113 1.544583,185 1.767252,223 1.284437,259 1.935058,672 5.995335,1000 trade
1 1.682535,24 1.026151,27 1.430905,70 1.490159,83 2.108825,105 0.818276,172 3.367238,223 1.284437,227 2.078519,257 2.031933,435 2.914286,484 3.5619,503 3.20155,1000 trade
0 2.482059,1 1.061562,2 1.080624,5 1.541608,15 0.586686,19 2.835302,22 2.028476,23 1.622588,25 2.354329,27 2.267931,38 1.9722,39 1.565484,54 2.319918,58 1.046461,65 1.935842,105 0.818276,114 2.042409,133 1.360355,165 2.299254,175 3.050635,207 1.46984,223 1.284437,227 2.078519,243 1.725926,244 1.728158,265 2.491898,330 2.368895,358 6.502327,363 2.391811,419 2.8004,950 3.700994,980 4.355645,1000 trade
0 1.24103,1 1.682535,2 3.425498,5 1.541608,15 0.586686,22 2.028476,24 1.026151,27 2.267931,30 1.611162,37 1.626439,52 1.485417,54 2.319918,55 2.49866,58 1.046461,65 1.22138,91 1.858121,105 0.818276,115 1.145021,141 2.074822,168 2.071145,180 1.511092,207 4.126361,208 1.611162,210 2.555275,222 1.750887,223 1.284437,227 2.078519,231 1.691153,265 2.491898,282 2.386011,298 2.325218,305 2.789976,330 2.368895,358 8.877058,390 2.789976,394 4.883978,405 2.832645,471 3.220541,479 6.441082,659 3.20155,804 3.627964,897 4.58887,1000 trade
0 1.966986,2 1.712749,5 1.541608,9 2.284131,15 0.586686,20 1.519314,24 1.817563,27 2.86181,28 1.436755,39 1.565484,65 1.22138,100 3.16506,102 2.587064,105 1.296937,165 2.299254,175 3.050635,185 2.801028,195 1.630311,207 1.46984,317 2.519353,357 2.693551,358 5.6008,950 5.865937,1000 trade
1 1.682535,2 1.080624,12 1.668219,24 1.026151,27 1.430905,30 1.611162,35 0.946821,37 1.626439,47 1.699684,70 1.490159,105 0.818276,107 1.422223,188 2.775089,1000 trade
1 2.123123,37 1.626439,46 2.274228,52 3.44903,58 0.660244,72 1.264681,83 2.108825,107 1.422223,109 1.536058,143 2.018207,176 4.455302,207 1.46984,223 1.284437,286 3.035728,321 3.006843,343 3.006843,652 3.26016,696 4.181447,878 3.594145,951 3.82737,1000 trade
1 2.123123,24 0.647429,35 2.198451,46 4.548457,52 4.708659,58 0.660244,60 1.278568,63 4.800436,65 2.44276,68 2.220502,83 3.342409,105 0.818276,112 5.418526,133 2.156111,137 2.112709,144 2.505489,164 2.082236,178 3.418644,201 2.702612,208 5.107264,222 1.750887,224 7.439816,235 4.111879,281 1.88004,290 2.505489,382 4.961559,409 5.958227,442 2.789976,448 8.001612,486 3.20155,537 5.750187,555 5.549886,657 4.355645,680 3.627964,744 3.021135,775 2.855007,776 9.17774,798 2.625036,801 3.346917,1000 trade
1 1.682535,52 3.839746,60 1.278568,63 1.514369,65 2.835957,70 1.490159,107 2.844445,109 1.536058,112 2.86272,150 1.601783,154 1.852748,164 2.082236,178 2.156924,181 1.258976,188 1.750887,199 4.71543,222 1.750887,224 5.756227,235 1.590692,272 1.981805,448 5.46195,460 3.130395,921 4.263088,1000 trade
1 2.744097,3 1.377668,5 0.972647,6 1.636161,15 1.173373,28 1.436755,35 0.946821,37 1.626439,43 1.88563,52 2.970833,53 2.190951,101 1.66413,105 0.818276,109 1.536058,112 2.86272,137 3.348564,143 3.198783,150 1.601783,154 1.852748,160 3.719452,190 3.809552,200 1.699684,208 3.222325,310 3.857534,557 8.775273,983 2.952451,986 2.866464,1000 trade
1 1.682535,5 4.675858,19 6.188497,24 1.817563,27 1.430905,28 3.336041,37 1.626439,43 5.293633,52 2.354329,58 2.193281,69 4.698694,93 5.393874,102 3.264511,105 2.593874,113 1.544583,114 4.084819,185 1.767252,188 1.750887,193 2.782438,227 3.294375,312 2.616929,369 5.167232,468 3.473293,1000 trade
1 1.061562,5 2.258416,13 1.539455,15 0.929876,24 0.647429,27 2.86181,28 1.436755,37 3.252878,43 3.771261,52 1.485417,58 1.320487,69 2.964546,93 1.504583,102 1.632256,105 0.818276,188 1.750887,1000 trade
1 2.46487,24 0.647429,27 2.86181,35 0.946821,37 1.626439,43 1.88563,46 5.878795,52 4.708659,58 0.660244,60 1.278568,63 3.028738,65 1.22138,70 1.490159,72 2.004472,83 2.108825,91 2.945052,101 1.66413,105 0.818276,106 2.165276,107 1.422223,109 3.072115,112 4.668896,150 3.203565,154 2.936535,158 1.88004,161 2.008088,195 1.630311,199 3.73689,201 2.702612,208 1.611162,224 4.561702,225 2.363283,226 2.386011,235 4.111879,281 1.88004,285 1.944158,297 2.939494,304 4.227187,310 2.433833,322 3.20155,385 2.711793,405 2.832645,409 2.979113,424 3.06587,448 6.892214,486 3.20155,537 5.750187,555 7.003176,593 5.865937,605 3.700994,910 3.473293,919 3.021135,1000 trade
1 2.123123,15 0.929876,25 2.354329,31 1.899806,35 1.500676,37 2.577845,48 1.544583,51 1.994822,52 3.839746,54 2.319918,58 1.046461,60 1.278568,63 3.028738,65 1.22138,79 1.908452,81 2.984214,92 1.501352,101 1.66413,107 2.25417,109 3.072115,112 4.668896,115 1.145021,119 3.514834,130 3.166937,137 2.112709,150 3.203565,164 2.082236,172 2.12449,181 1.99543,195 1.630311,199 4.71543,205 3.765659,207 1.46984,208 1.611162,215 2.64154,223 1.284437,224 4.561702,226 2.386011,231 3.926735,235 3.181384,248 2.001423,257 2.031933,275 2.433833,281 4.365318,285 1.944158,314 2.136476,316 6.520321,322 3.20155,343 3.006843,356 2.616929,375 3.006843,397 2.979113,409 2.979113,427 3.16506,448 10.9239,537 5.750187,555 8.130436,976 4.263088,1000 trade
1 2.46487,2 1.080624,20 2.408056,23 1.622588,24 0.647429,25 1.485417,27 2.267931,33 1.680634,39 1.565484,46 2.274228,47 1.699684,52 4.708659,54 2.927411,58 0.660244,68 1.400981,69 1.482273,86 1.439698,91 3.716242,92 3.002703,101 2.637584,103 2.049482,105 0.818276,112 7.224701,115 1.145021,118 4.209928,127 2.30437,147 3.265386,174 1.950293,181 1.258976,188 1.750887,196 2.021613,199 2.357715,200 3.946544,207 1.46984,219 2.116614,224 2.878114,225 2.363283,227 2.078519,228 2.711793,231 3.382305,232 4.297345,247 3.604567,259 1.935058,267 2.001423,272 3.141086,280 2.190951,296 2.821729,330 2.368895,343 3.006843,373 2.779707,384 2.740088,426 2.902018,457 3.081447,461 3.035728,471 3.220541,473 3.370416,474 3.370416,493 5.200029,512 3.302182,532 3.050635,653 2.625036,679 2.577758,799 2.821729,811 3.370416,814 3.06587,855 3.875192,912 3.220541,919 3.021135,938 4.743541,940 4.263088,943 2.855007,1000 trade
1 1.061562,5 2.514255,8 1.348617,15 0.929876,27 1.430905,28 2.277202,37 1.626439,43 4.378298,52 1.485417,53 2.190951,58 1.320487,69 1.482273,102 1.632256,105 1.296937,113 1.544583,147 2.060229,188 1.750887,1000 trade
1 1.682535,4 1.174563,11 1.917208,14 1.616852,15 0.586686,25 1.485417,27 1.430905,35 1.893643,52 1.485417,60 1.278568,63 1.514369,65 2.835957,70 2.980317,107 2.25417,112 4.193809,130 1.998115,154 1.852748,199 3.73689,207 1.46984,208 1.611162,224 4.561702,225 2.363283,235 3.181384,407 2.866464,448 5.46195,555 9.051474,605 3.700994,649 2.693551,680 3.627964,986 2.866464,1000 trade
1 1.682535,24 1.294858,37 1.626439,46 2.274228,52 2.970833,58 1.046461,59 1.636161,68 1.400981,71 2.421565,105 1.636552,107 2.25417,112 1.806175,115 1.145021,137 2.112709,154 1.852748,176 2.810982,178 2.156924,199 2.357715,232 2.148672,258 2.832645,275 2.433833,317 5.038706,343 3.006843,356 2.616929,375 6.013686,394 3.081447,397 2.979113,638 2.711793,916 2.570182,968 3.594145,1000 trade
1 2.123123,6 1.636161,46 2.274228,52 1.485417,54 1.463705,60 1.278568,64 2.8004,70 1.490159,91 3.716242,101 1.66413,107 1.422223,112 1.806175,168 2.071145,176 2.810982,180 3.022183,213 2.067487,223 1.284437,279 2.54794,282 2.386011,305 2.789976,356 2.616929,535 3.302182,653 2.625036,793 2.740088,1000 trade
6 4.593284,25 1.485417,33 1.680634,35 0.946821,51 1.994822,52 4.45625,54 1.463705,70 1.490159,72 2.004472,109 1.536058,112 2.86272,114 2.042409,127 2.30437,128 1.998115,137 2.112709,150 1.601783,160 3.719452,162 2.346713,174 1.950293,180 1.511092,198 2.254838,200 1.699684,207 2.329641,231 2.680414,286 3.035728,336 2.421565,444 5.200029,451 3.346917,526 3.16506,775 2.855007,1000 trade
1 2.123123,27 2.267931,30 1.611162,35 2.447497,52 2.970833,58 0.660244,60 1.278568,63 2.400218,65 1.22138,70 1.490159,72 1.264681,81 2.984214,107 2.25417,109 2.434594,112 5.418526,127 2.30437,150 2.538765,195 1.630311,199 6.094605,208 1.611162,222 1.750887,223 1.284437,224 4.561702,235 1.590692,245 2.089729,247 2.274228,248 4.002847,330 2.368895,442 2.789976,448 6.892214,486 3.20155,493 3.280853,512 3.302182,537 3.627964,555 9.051474,605 5.865937,665 4.462494,676 3.501588,687 3.183065,744 3.021135,804 3.627964,1000 trade
1 1.682535,15 1.173373,25 1.485417,37 1.626439,43 1.88563,52 2.354329,58 1.046461,60 1.278568,63 3.028738,65 1.22138,101 1.66413,107 1.422223,109 2.434594,112 4.668896,130 3.996229,137 2.112709,150 2.538765,195 3.260623,199 5.474445,207 1.46984,224 5.756227,235 1.590692,248 5.173604,281 1.88004,343 3.006843,409 2.979113,427 3.16506,448 6.892214,537 9.378151,555 8.130436,605 3.700994,659 3.20155,940 4.263088,996 3.370416,1000 trade
1 2.98018,4 3.297416,5 0.972647,15 1.94893,24 2.150713,35 0.946821,37 5.830723,46 4.548457,48 3.089167,51 3.161718,52 4.45625,58 1.533038,60 1.278568,63 5.238855,72 1.264681,83 2.108825,92 1.501352,101 1.66413,105 0.818276,106 3.431881,107 1.422223,112 4.193809,113 2.448107,130 5.609417,137 2.112709,147 2.060229,154 3.705495,161 2.008088,164 3.300265,178 2.156924,180 1.511092,195 1.630311,199 2.357715,201 2.702612,208 3.222325,224 4.561702,235 2.521187,243 1.725926,247 2.274228,248 5.173604,267 3.172181,275 3.857534,308 8.181561,322 5.074336,356 2.616929,375 3.006843,385 2.711793,397 2.979113,442 4.422008,448 8.001612,493 3.280853,512 3.302182,537 7.255928,555 8.130436,593 3.700994,641 3.419947,653 2.625036,687 3.183065,789 3.594145,858 3.875192,956 3.419947,987 2.427672,1000 trade
1 2.123123,5 0.972647,15 0.929876,20 4.265254,23 3.245176,27 1.430905,33 1.680634,35 1.500676,37 1.626439,38 4.579306,43 3.771261,52 4.708659,54 2.927411,58 1.320487,60 2.557135,63 1.514369,68 3.252976,69 1.482273,72 1.264681,80 2.259635,84 2.152786,91 4.314423,92 2.379586,101 2.637584,105 0.818276,107 2.25417,109 3.072115,112 4.668896,114 2.042409,115 1.145021,128 1.998115,140 1.874495,147 7.385844,150 3.203565,152 4.509677,180 2.395023,181 1.258976,188 2.775089,208 1.611162,222 1.750887,225 2.363283,231 2.680414,232 2.148672,238 2.011445,239 4.525078,259 1.935058,264 2.380259,275 2.433833,281 1.88004,330 2.368895,336 2.421565,400 3.240068,411 2.749783,424 3.06587,444 7.617904,473 5.341982,474 3.370416,475 3.006843,799 2.821729,812 3.324189,822 3.875192,845 3.82737,869 3.302182,896 3.501588,973 3.26016,979 3.446107,1000 trade
1 3.184685,43 1.88563,46 2.274228,52 3.44903,60 1.278568,72 1.264681,92 1.501352,109 2.434594,112 1.806175,131 1.902676,137 3.348564,150 2.538765,164 2.082236,181 1.258976,223 1.284437,235 1.590692,247 2.274228,308 5.016501,321 3.006843,390 2.789976,409 2.979113,493 5.200029,512 3.302182,555 5.549886,593 3.700994,680 3.627964,681 3.875192,723 2.693551,765 4.58887,798 2.625036,821 3.097382,1000 trade
1 2.744097,4 1.174563,5 0.972647,37 4.565991,52 2.354329,58 0.660244,60 2.026482,63 2.400218,72 1.264681,83 2.108825,92 1.501352,101 1.66413,105 0.818276,112 3.612351,180 1.511092,181 1.258976,208 1.611162,214 2.173729,222 3.501773,223 1.284437,224 2.878114,235 2.521187,254 2.519353,267 2.001423,305 2.789976,308 3.16506,323 2.585417,555 3.501588,593 3.700994,1000 trade
1 1.061562,4 1.174563,24 1.026151,35 0.946821,37 2.577845,46 2.274228,52 2.970833,58 0.660244,63 1.514369,105 1.296937,107 3.676392,109 1.536058,112 4.668896,127 2.30437,137 2.112709,150 1.601783,195 1.630311,199 3.73689,201 2.702612,207 1.46984,222 1.750887,224 2.878114,270 2.014818,275 2.433833,281 2.979793,285 1.944158,322 3.20155,382 3.130395,385 2.711793,409 4.721783,427 3.16506,448 3.446107,537 8.423871,593 3.700994,661 3.280853,752 3.097382,901 4.355645,1000 trade
1 4.147405,5 0.972647,15 0.586686,19 2.835302,35 0.946821,37 2.577845,43 1.88563,46 2.274228,52 4.708659,53 2.190951,54 2.319918,58 0.660244,68 1.400981,70 1.490159,72 1.264681,79 1.908452,91 1.858121,101 2.637584,105 0.818276,106 2.165276,107 1.422223,112 5.418526,131 5.708027,137 2.112709,147 2.060229,176 2.810982,195 1.630311,205 1.88283,213 4.134975,218 1.86626,225 2.363283,231 1.691153,275 2.433833,281 1.88004,285 1.944158,291 2.30437,292 2.585417,305 2.789976,314 4.272952,321 4.765733,339 2.386011,343 4.765733,405 2.832645,409 2.979113,427 3.16506,428 2.878114,440 2.914286,550 3.627964,662 2.789976,700 3.740613,707 4.743541,799 2.821729,814 3.06587,912 3.220541,976 4.263088,1000 trade
1 1.061562,24 0.647429,25 2.354329,49 2.284131,58 0.660244,78 1.413648,83 2.108825,105 0.818276,107 1.422223,1000 trade
1 1.682535,15 1.516562,23 2.571741,25 1.485417,54 1.463705,58 1.046461,64 5.6008,102 1.632256,133 1.360355,140 3.74899,143 2.018207,185 1.767252,207 1.46984,213 3.27689,223 1.284437,254 2.519353,276 3.097382,333 3.147511,335 2.386011,1000 trade
5 2.91794,19 4.153643,20 1.519314,24 0.647429,54 2.319918,58 1.046461,69 1.482273,72 1.264681,91 1.858121,93 1.504583,105 0.818276,114 4.742328,125 2.99284,140 2.971004,143 2.018207,185 1.767252,193 1.755523,213 3.27689,223 1.284437,243 1.725926,310 2.433833,378 2.914286,1000 trade
1 4.147405,15 0.586686,43 3.771261,46 2.274228,52 1.485417,58 1.046461,60 1.278568,70 2.361846,71 2.421565,72 1.264681,91 1.858121,101 1.66413,109 1.536058,143 2.018207,150 1.601783,164 4.164471,208 1.611162,272 3.141086,286 4.811516,314 2.136476,321 4.765733,323 4.097789,334 3.877329,356 2.616929,375 4.765733,397 2.979113,427 3.16506,442 4.422008,460 3.130395,673 2.914286,1000 trade
1 2.98018,5 2.514255,15 1.362244,19 2.835302,20 2.408056,27 1.430905,33 3.361269,35 0.946821,43 5.293633,46 2.274228,57 1.454605,58 1.320487,60 1.278568,70 2.361846,72 1.264681,80 2.259635,92 3.002703,93 1.504583,105 1.899978,114 3.237142,122 2.028476,128 4.639479,137 3.348564,140 1.874495,152 2.254838,154 1.852748,180 1.511092,190 2.40356,208 1.611162,214 2.173729,223 2.035784,225 2.363283,231 1.691153,247 2.274228,259 1.935058,267 2.001423,270 2.014818,281 1.88004,435 4.619034,822 3.875192,860 4.743541,863 2.866464,870 4.961559,916 2.570182,928 2.889963,1000 trade
1 2.123123,5 1.945293,19 1.788877,43 1.88563,52 1.485417,72 1.264681,83 2.108825,92 1.501352,105 0.818276,109 2.434594,112 1.806175,150 2.538765,285 1.944158,973 3.26016,1000 trade
1 2.98018,5 1.541608,15 0.586686,19 4.624179,20 3.038628,23 2.571741,31 1.899806,33 1.680634,37 1.626439,43 1.88563,57 1.454605,58 1.046461,59 1.636161,64 2.8004,70 3.460041,72 3.269153,101 1.66413,105 1.296937,107 1.422223,115 1.145021,138 2.391811,152 2.254838,184 1.891266,189 2.363283,213 2.067487,223 2.035784,243 4.007476,272 1.981805,281 1.88004,310 2.433833,319 2.533499,402 3.26016,428 2.878114,457 3.081447,649 2.693551,659 3.20155,660 3.82737,786 3.663518,928 2.889963,1000 trade
1 1.061562,6 2.593253,7 1.902676,15 0.929876,27 2.267931,49 2.284131,51 1.994822,56 2.294176,133 1.360355,156 2.8004,160 2.346713,188 3.501773,207 1.46984,223 1.284437,235 1.590692,236 2.855007,270 2.014818,272 3.141086,503 3.20155,1000 trade
1 1.682535,15 0.586686,19 1.788877,23 1.622588,31 1.899806,37 2.577845,52 2.354329,54 2.319918,60 2.026482,70 1.490159,80 2.259635,112 1.806175,128 3.166937,200 1.699684,203 2.144583,205 1.88283,223 1.284437,231 1.691153,238 3.188065,353 2.711793,428 2.878114,444 3.280853,865 3.130395,983 2.952451,1000 trade
1 1.061562,5 0.972647,19 3.577753,24 2.052302,27 2.267931,28 1.436755,37 2.577845,53 2.190951,58 0.660244,59 1.636161,69 3.83162,93 3.009166,105 2.115213,185 1.767252,186 4.619047,372 2.667058,1000 trade
1 2.744097,2 1.080624,5 0.972647,8 1.348617,15 1.516562,19 1.788877,20 1.519314,23 2.571741,27 1.430905,36 2.299254,37 1.626439,43 3.771261,52 4.45625,54 4.109141,57 1.454605,58 1.533038,62 2.152786,65 1.22138,79 3.024825,83 2.108825,91 3.716242,92 1.501352,107 1.422223,112 2.86272,114 2.042409,115 1.145021,130 1.998115,137 3.348564,147 3.265386,149 2.64154,164 5.382501,172 2.12449,184 2.997585,190 2.40356,208 1.611162,213 4.800557,218 2.957951,221 2.952451,231 2.680414,243 1.725926,247 2.274228,259 1.935058,272 1.981805,280 2.190951,281 1.88004,291 2.30437,310 2.433833,312 6.076321,314 2.136476,330 2.368895,385 2.711793,390 4.422008,409 2.979113,419 2.8004,427 3.16506,493 9.842559,512 3.302182,593 3.700994,652 3.26016,716 3.419947,723 5.387102,766 3.782635,793 4.342937,867 2.939494,897 4.58887,1000 trade
1 2.46487,37 1.626439,51 1.994822,52 3.839746,54 1.463705,58 0.660244,60 2.026482,65 1.22138,70 1.490159,92 3.002703,112 3.612351,115 1.814816,130 1.998115,164 2.082236,172 2.12449,178 2.156924,180 2.395023,195 3.260623,199 4.71543,207 1.46984,208 1.611162,223 1.284437,224 2.878114,231 2.680414,235 2.521187,247 2.274228,275 2.433833,286 3.035728,304 2.667058,314 2.136476,316 3.26016,321 3.006843,322 5.074336,427 3.16506,448 3.446107,462 5.200029,493 6.561706,512 3.302182,537 5.750187,555 7.003176,605 3.700994,659 3.20155,943 2.855007,983 2.952451,1000 trade
1 2.46487,37 1.626439,51 1.994822,52 3.839746,54 1.463705,58 0.660244,60 2.026482,65 1.22138,70 1.490159,92 3.002703,112 3.612351,115 1.814816,130 1.998115,164 2.082236,172 2.12449,178 2.156924,180 2.395023,195 3.260623,199 4.71543,207 1.46984,208 1.611162,223 1.284437,224 2.878114,231 2.680414,235 2.521187,247 2.274228,275 2.433833,286 3.035728,304 2.667058,314 2.136476,316 3.26016,321 3.006843,322 5.074336,427 3.16506,448 3.446107,462 5.200029,493 6.561706,512 3.302182,537 5.750187,555 7.003176,605 3.700994,659 3.20155,943 2.855007,983 2.952451,1000 trade
1 1.061562,24 0.647429,37 2.577845,46 4.548457,52 2.970833,83 3.342409,92 1.501352,105 0.818276,109 1.536058,112 3.612351,131 1.902676,137 4.225417,150 1.601783,153 2.471998,181 1.99543,195 1.630311,199 2.357715,201 2.702612,222 1.750887,247 2.274228,275 4.867666,281 1.88004,297 2.939494,304 2.667058,316 3.26016,343 3.006843,382 3.130395,384 2.740088,385 2.711793,409 2.979113,448 3.446107,493 5.200029,512 3.302182,537 3.627964,593 3.700994,659 3.20155,814 3.06587,869 3.302182,983 2.952451,1000 trade
1 2.123123,35 0.946821,52 2.354329,54 1.463705,70 1.490159,72 1.264681,92 2.379586,101 1.66413,107 1.422223,109 1.536058,131 1.902676,137 3.348564,150 1.601783,164 2.082236,172 2.12449,197 2.485201,199 2.357715,205 1.88283,223 1.284437,224 2.878114,231 1.691153,235 1.590692,247 2.274228,308 3.16506,316 3.26016,322 3.20155,343 3.006843,390 2.789976,493 6.561706,512 3.302182,593 3.700994,983 2.952451,1000 trade
1 3.526431,46 2.274228,54 2.319918,58 0.660244,60 1.278568,70 2.361846,72 1.264681,92 2.379586,101 1.66413,107 1.422223,109 2.434594,121 2.843736,128 1.998115,131 4.417876,150 1.601783,154 1.852748,174 1.950293,176 7.266284,180 3.508646,190 3.809552,192 2.585417,203 2.144583,207 2.939679,223 2.035784,281 1.88004,282 3.781738,305 2.789976,356 2.616929,363 2.391811,375 3.006843,385 6.296587,397 2.979113,442 2.789976,447 4.389694,470 3.220541,518 7.003176,640 3.594145,654 4.58887,662 2.789976,730 3.20155,821 3.097382,970 3.594145,983 2.952451,986 2.866464,1000 trade
1 2.46487,27 1.430905,70 1.490159,93 1.504583,109 1.536058,150 1.601783,164 2.082236,292 2.585417,356 2.616929,375 3.006843,397 2.979113,629 6.406978,1000 trade
1 1.682535,14 1.616852,16 1.684823,19 1.788877,23 3.245176,27 2.267931,32 1.858121,54 2.319918,58 0.660244,72 1.264681,90 1.721483,91 1.858121,174 1.950293,213 2.067487,218 2.957951,227 4.157038,235 1.590692,250 2.245343,337 3.982038,350 2.52639,373 2.779707,561 8.651655,653 2.625036,799 2.821729,957 3.370416,1000 trade
0 1.24103,1 2.744097,5 0.972647,20 1.519314,25 2.970833,27 2.86181,28 1.436755,37 1.626439,43 2.988653,60 2.026482,65 1.22138,68 1.400981,72 1.264681,91 2.945052,101 1.66413,106 2.165276,133 1.360355,185 2.801028,195 1.630311,205 1.88283,207 1.46984,218 1.86626,223 1.284437,225 3.745714,250 3.558784,259 1.935058,264 2.380259,269 4.164471,288 3.867387,661 3.280853,679 2.577758,716 3.419947,879 4.765733,920 2.939494,960 3.663518,969 4.58887,1000 trade
0 2.881582,1 3.365071,15 1.173373,22 3.215059,24 1.026151,27 1.430905,37 3.252878,60 2.557135,72 2.004472,89 2.368895,92 1.501352,95 4.173585,101 1.66413,115 1.145021,148 2.491898,181 1.99543,185 1.767252,208 1.611162,222 1.750887,223 1.284437,228 2.711793,235 2.521187,249 2.779707,283 6.366129,296 2.821729,308 3.16506,317 5.038706,323 4.097789,330 2.368895,370 3.26016,428 2.878114,580 3.501588,590 6.142034,888 3.302182,908 3.021135,941 4.042353,1000 trade
0 1.24103,1 1.061562,5 2.730564,19 1.788877,22 2.028476,24 1.294858,27 2.267931,39 1.565484,53 2.190951,58 1.046461,69 3.441731,93 3.009166,113 1.544583,165 2.299254,468 3.473293,1000 trade
1 2.123123,13 2.439979,15 1.173373,25 1.485417,27 2.86181,46 2.274228,52 1.485417,54 1.463705,57 2.305494,58 1.046461,70 2.980317,72 2.004472,93 1.504583,107 3.302299,114 2.042409,115 1.145021,128 3.166937,178 2.156924,180 1.511092,186 2.309523,192 4.097789,207 1.46984,336 2.421565,444 6.561706,1000 trade
0 2.482059,1 2.123123,5 2.730564,8 2.697235,13 2.439979,15 2.576913,19 3.577753,20 5.047052,23 4.867764,25 2.354329,27 1.430905,29 2.060229,33 3.902312,43 2.988653,52 4.45625,54 2.927411,55 2.49866,57 1.454605,58 1.980731,63 1.514369,65 2.44276,68 2.801961,69 1.482273,70 1.490159,72 1.264681,76 3.897488,78 1.413648,86 1.439698,91 1.858121,101 1.66413,105 2.297192,112 1.806175,113 1.544583,114 3.237142,128 1.998115,130 3.166937,133 2.156111,136 2.702612,140 4.8455,143 3.198783,147 4.120458,180 1.511092,186 2.309523,188 1.750887,195 1.630311,198 2.254838,200 1.699684,206 2.289135,207 2.329641,208 1.611162,214 2.173729,225 2.363283,227 2.078519,231 2.680414,238 5.19951,243 1.725926,264 2.380259,269 2.082236,274 2.250074,282 2.386011,285 1.944158,287 2.939494,299 2.616929,330 2.368895,336 2.421565,444 8.480882,679 5.155515,792 3.324189,797 3.006843,990 3.531088,1000 trade
1 1.061562,5 3.231062,19 1.788877,27 1.430905,37 1.626439,53 2.190951,69 4.161266,90 1.721483,93 3.009166,102 2.587064,113 3.089167,185 1.767252,369 3.26016,1000 trade
0 1.24103,24 0.647429,27 2.267931,78 1.413648,105 0.818276,107 2.25417,154 2.936535,166 2.667058,175 3.050635,198 2.254838,287 2.939494,484 3.5619,503 6.403099,1000 trade
1 2.123123,2 1.080624,5 2.730564,19 2.835302,24 1.294858,27 1.430905,37 1.626439,39 1.565484,58 1.046461,102 1.632256,105 1.899978,113 1.544583,461 3.035728,1000 trade
1 2.46487,2 1.080624,15 0.586686,24 1.503284,25 1.485417,39 1.565484,47 1.699684,57 1.454605,72 2.936499,102 1.632256,105 1.636552,151 2.264465,193 1.755523,223 1.284437,312 4.147734,789 3.594145,869 3.302182,1000 trade
1 2.46487,2 1.080624,15 0.586686,24 0.647429,25 1.485417,39 1.565484,57 1.454605,58 0.660244,72 2.004472,105 0.818276,193 1.755523,223 1.284437,312 4.147734,314 2.136476,1000 trade
1 2.98018,37 1.626439,43 1.88563,46 2.274228,52 1.485417,60 1.278568,70 4.183404,107 1.422223,128 3.166937,131 1.902676,176 6.526899,180 3.022183,205 1.88283,207 1.46984,235 1.590692,257 2.031933,282 2.386011,309 3.021135,334 2.446323,394 3.081447,447 4.389694,518 5.549886,557 3.394739,775 2.855007,855 3.875192,986 2.866464,1000 trade
0 1.24103,1 2.98018,5 0.972647,23 1.622588,27 1.430905,30 1.611162,46 3.604567,65 1.22138,70 2.361846,83 2.108825,105 0.818276,107 2.25417,108 4.599589,118 4.209928,128 3.996229,134 4.525078,143 2.018207,172 2.12449,174 1.950293,176 2.810982,180 1.511092,198 2.254838,200 1.699684,205 1.88283,207 2.939679,223 1.284437,229 3.16506,235 1.590692,250 3.558784,282 4.772022,334 2.446323,518 3.501588,659 3.20155,816 3.130395,1000 trade
1 1.061562,15 0.929876,19 1.788877,23 2.571741,24 2.150713,27 2.267931,37 2.577845,53 2.190951,93 3.889291,105 1.636552,113 1.544583,185 1.767252,1000 trade
1 1.682535,27 2.267931,46 3.604567,48 2.448107,52 2.970833,54 1.463705,107 1.422223,109 2.434594,112 3.612351,115 1.145021,131 1.902676,150 2.538765,164 4.164471,172 2.12449,181 1.99543,197 2.485201,224 2.878114,231 1.691153,297 2.939494,308 3.16506,316 3.26016,322 3.20155,382 3.130395,427 3.16506,668 3.700994,730 3.20155,1000 trade
1 2.46487,15 0.586686,27 1.430905,35 1.893643,58 1.320487,70 2.361846,72 2.004472,83 2.108825,109 1.536058,128 1.998115,143 2.018207,150 1.601783,164 2.082236,195 1.630311,208 1.611162,272 1.981805,281 2.979793,291 2.30437,305 2.789976,323 2.585417,442 2.789976,471 3.220541,649 2.693551,653 2.625036,727 3.594145,733 2.702612,987 2.427672,1000 trade
1 2.46487,5 0.972647,13 2.439979,37 1.626439,58 1.533038,71 2.421565,105 0.818276,164 4.164471,184 5.309454,213 3.27689,223 1.284437,227 2.078519,235 1.590692,243 1.725926,272 1.981805,291 2.30437,435 2.914286,442 2.789976,656 3.82737,797 3.006843,930 3.220541,979 3.446107,1000 trade
58 0.660244,70 1.490159,78 1.413648,83 2.108825,107 2.25417,115 1.145021,249 4.405732,268 2.40356,275 3.857534,336 2.421565,481 4.721783,534 7.003176,1000 trade
1 1.061562,5 3.231062,24 1.026151,27 2.267931,28 2.277202,37 2.577845,43 3.771261,58 1.046461,69 2.349347,93 2.384708,102 1.632256,185 1.767252,372 2.667058,1000 trade
0 2.482059,1 1.682535,22 2.028476,43 1.88563,45 3.431881,58 0.660244,70 2.361846,109 2.434594,115 1.145021,131 3.01567,137 2.112709,150 2.538765,285 1.944158,478 3.501588,755 3.346917,857 3.663518,1000 trade
1 2.744097,5 2.730564,15 0.586686,19 1.788877,35 0.946821,36 2.299254,43 3.771261,52 2.354329,58 0.660244,62 2.152786,72 1.264681,92 1.501352,105 1.296937,112 1.806175,154 1.852748,190 2.40356,222 2.775089,248 2.001423,259 3.066994,281 1.88004,285 1.944158,435 2.914286,503 3.20155,845 3.82737,856 5.223994,860 4.743541,935 3.006843,974 3.240068,1000 trade
1 3.184685,5 1.541608,19 4.153643,24 1.026151,28 1.436755,46 2.274228,52 4.45625,83 3.342409,105 1.636552,107 1.422223,112 2.86272,143 4.036415,176 4.455302,192 2.585417,208 1.611162,225 2.363283,259 1.935058,275 2.433833,394 3.081447,986 2.866464,1000 trade
1 2.123123,15 0.586686,43 1.88563,52 4.170091,58 0.660244,70 1.490159,112 1.806175,154 1.852748,164 4.164471,188 1.750887,195 1.630311,199 2.357715,201 4.283538,223 2.035784,224 2.878114,272 1.981805,286 3.035728,297 2.939494,316 3.26016,321 3.006843,322 3.20155,323 2.585417,356 2.616929,461 3.035728,593 3.700994,1000 trade
1 1.682535,24 0.647429,46 2.274228,52 1.485417,59 1.636161,83 2.108825,112 2.86272,154 1.852748,164 2.082236,181 1.99543,199 2.357715,201 2.702612,224 2.878114,275 3.857534,297 2.939494,382 3.130395,385 2.711793,390 4.422008,605 3.700994,1000 trade
2 1.080624,5 1.541608,19 1.788877,24 1.294858,37 1.626439,43 3.771261,54 1.463705,58 0.660244,92 1.501352,93 2.384708,105 1.636552,113 1.544583,114 4.084819,185 1.767252,218 1.86626,223 1.284437,468 3.473293,1000 trade
1 2.98018,5 1.945293,19 1.788877,24 1.026151,43 3.771261,52 1.485417,58 0.660244,72 2.529362,83 4.896541,92 1.501352,105 1.899978,109 1.536058,115 1.145021,131 1.902676,150 1.601783,154 2.936535,195 1.630311,201 2.702612,208 1.611162,257 2.031933,285 1.944158,291 2.30437,325 3.006843,382 4.961559,394 3.081447,460 3.130395,484 3.5619,503 3.20155,1000 trade
1 3.526431,5 2.514255,13 1.539455,19 1.788877,20 1.519314,24 1.67358,43 4.378298,46 2.274228,52 2.354329,58 0.660244,72 3.794044,78 1.413648,83 5.920221,92 1.501352,101 1.66413,105 2.454828,109 3.072115,112 1.806175,115 1.145021,128 1.998115,131 1.902676,147 2.060229,150 3.203565,154 2.936535,195 1.630311,201 2.702612,203 2.144583,208 2.553632,218 1.86626,257 2.031933,285 3.081418,291 2.30437,305 2.789976,323 2.585417,325 3.006843,382 4.961559,394 4.883978,460 3.130395,470 3.220541,484 3.5619,503 3.20155,812 3.324189,983 2.952451,1000 trade
1 2.744097,5 1.541608,24 0.647429,25 1.485417,27 1.430905,48 1.544583,58 0.660244,68 1.400981,70 1.490159,72 1.264681,83 4.217651,105 1.636552,109 2.434594,128 1.998115,140 1.874495,150 2.538765,177 6.052111,180 1.511092,196 3.204182,223 1.284437,299 4.147734,407 2.866464,410 3.220541,435 2.914286,507 3.081447,920 2.939494,1000 trade
1 2.744097,5 1.541608,24 0.647429,25 1.485417,27 1.430905,48 1.544583,58 0.660244,68 1.400981,70 1.490159,72 1.264681,83 4.217651,105 1.636552,109 2.434594,128 1.998115,140 1.874495,150 2.538765,177 6.052111,180 1.511092,196 3.204182,223 1.284437,299 4.147734,407 2.866464,410 3.220541,435 2.914286,507 3.081447,920 2.939494,1000 trade
1 2.123123,4 1.174563,5 2.258416,19 2.835302,20 1.519314,24 0.647429,43 1.88563,58 0.660244,63 1.514369,72 2.004472,78 1.413648,83 2.108825,92 1.501352,93 1.504583,107 2.844445,108 2.902018,152 2.254838,154 1.852748,165 2.299254,177 7.023828,178 2.156924,180 1.511092,185 1.767252,190 2.40356,196 5.225795,222 3.501773,223 1.284437,247 2.274228,272 1.981805,282 2.386011,290 2.505489,334 2.446323,390 2.789976,426 2.902018,490 5.268714,507 3.081447,640 3.594145,653 2.625036,972 3.82737,1000 trade
1 2.123123,46 3.604567,58 0.660244,69 1.482273,70 1.490159,72 1.264681,78 1.413648,91 2.945052,107 2.25417,115 1.145021,118 2.104964,143 3.198783,144 2.505489,174 3.091141,176 6.526899,177 3.710835,193 1.755523,196 3.204182,200 3.399368,223 1.284437,231 1.691153,339 8.553759,373 2.779707,390 2.789976,428 2.878114,818 4.58887,1000 trade
1 1.061562,5 1.945293,15 1.94893,25 1.485417,27 4.292716,28 2.277202,30 2.553632,35 2.198451,36 2.299254,54 1.463705,58 1.533038,60 1.278568,62 2.152786,70 2.980317,72 2.004472,83 2.108825,91 1.858121,101 3.86399,106 4.330551,113 1.544583,118 4.209928,138 2.391811,174 3.091141,184 1.891266,188 1.750887,195 1.630311,200 1.699684,213 2.067487,222 1.750887,225 2.363283,250 2.245343,310 2.433833,336 2.421565,444 3.280853,458 3.050635,675 3.324189,776 4.58887,825 2.633239,916 2.570182,939 3.446107,1000 trade
1 2.98018,13 3.078911,15 0.586686,19 2.835302,20 3.527738,23 4.194329,25 1.485417,27 1.430905,29 2.060229,52 3.839746,54 1.463705,70 2.361846,72 1.264681,78 1.413648,90 1.721483,91 1.858121,101 3.86399,109 1.536058,130 1.998115,150 1.601783,172 2.12449,184 4.888851,185 1.767252,195 1.630311,207 1.46984,213 2.067487,223 1.284437,227 4.826172,235 1.590692,243 1.725926,248 2.001423,270 2.014818,300 2.821729,310 2.433833,330 3.75461,333 4.988687,405 2.832645,496 3.394739,865 6.26079,988 3.740613,1000 trade
1 3.365071,5 0.972647,15 1.362244,25 2.970833,27 1.430905,36 3.644232,46 3.604567,51 3.161718,58 0.660244,60 1.278568,62 3.412085,63 1.514369,70 2.361846,72 1.264681,83 2.108825,90 1.721483,101 1.66413,105 0.818276,107 2.25417,109 3.072115,131 3.805351,138 2.391811,150 3.203565,176 2.810982,188 1.750887,195 1.630311,199 5.474445,207 1.46984,281 1.88004,285 3.888317,297 2.939494,304 2.667058,317 2.519353,343 4.765733,363 3.790931,517 3.20155,557 5.380534,673 2.914286,733 2.702612,775 2.855007,788 3.501588,814 4.859289,983 5.904901,986 2.866464,1000 trade
1 2.744097,54 1.463705,70 1.490159,72 1.264681,92 1.501352,109 1.536058,168 2.071145,208 1.611162,222 1.750887,223 1.284437,272 1.981805,308 3.16506,323 2.585417,442 2.789976,447 2.769588,716 3.419947,775 2.855007,908 3.021135,1000 trade
1 1.682535,92 1.501352,172 2.12449,223 1.284437,231 1.691153,247 2.274228,308 5.016501,692 3.394739,1000 trade
1 2.46487,15 0.586686,24 0.647429,42 2.12449,53 2.190951,54 1.463705,58 0.660244,72 1.264681,92 1.501352,105 0.818276,107 1.422223,181 1.258976,223 1.284437,227 2.078519,247 2.274228,339 4.772022,343 3.006843,390 4.422008,428 2.878114,503 3.20155,1000 trade
1 1.682535,5 2.91794,27 1.430905,28 2.277202,37 1.626439,39 1.565484,43 2.988653,53 2.190951,58 0.660244,69 2.964546,93 1.504583,1000 trade
2 1.712749,5 2.91794,24 1.294858,27 1.430905,28 1.436755,58 0.660244,93 2.384708,193 1.755523,389 4.173585,1000 trade
1 1.682535,5 1.541608,15 0.929876,19 3.577753,24 1.294858,27 2.267931,28 2.277202,37 2.577845,58 0.660244,69 3.83162,90 1.721483,93 1.504583,113 1.544583,143 2.018207,186 2.309523,250 3.558784,1000 trade
1 1.682535,2 1.712749,5 3.231062,19 1.788877,24 0.647429,28 1.436755,39 1.565484,43 2.988653,105 1.636552,151 2.264465,227 2.078519,259 3.066994,369 3.26016,468 3.473293,1000 trade
1 2.46487,5 2.258416,19 1.788877,28 1.436755,37 1.626439,43 2.988653,46 2.274228,54 1.463705,58 1.046461,72 2.004472,93 1.504583,105 1.296937,137 2.112709,143 4.036415,154 2.936535,160 2.346713,172 2.12449,195 2.583982,208 1.611162,227 2.078519,259 1.935058,435 2.914286,1000 trade
1 2.123123,5 2.258416,28 1.436755,43 2.988653,52 2.354329,58 1.533038,72 1.264681,105 1.296937,137 2.112709,154 2.936535,259 1.935058,855 3.875192,1000 trade
1 2.46487,5 1.541608,15 1.173373,23 1.622588,25 2.354329,27 1.430905,43 4.378298,46 4.548457,54 2.319918,58 1.853538,67 3.120835,71 2.421565,72 1.264681,78 1.413648,105 1.296937,107 1.422223,109 2.434594,131 1.902676,137 3.348564,143 4.036415,150 2.538765,154 1.852748,172 2.12449,178 2.156924,195 1.630311,208 1.611162,310 5.651185,435 2.914286,447 2.769588,471 3.220541,484 5.645478,937 3.346917,1000 trade
1 1.682535,5 1.541608,43 2.988653,54 1.463705,58 1.046461,92 1.501352,105 1.296937,137 2.112709,154 1.852748,188 1.750887,272 1.981805,310 4.867666,447 2.769588,468 3.473293,1000 trade
1 1.061562,2 1.080624,5 1.541608,24 1.67358,28 1.436755,43 1.88563,54 1.463705,58 1.046461,68 2.220502,71 2.421565,105 2.115213,137 2.112709,140 2.971004,143 2.018207,208 1.611162,218 4.824211,259 1.935058,1000 trade
1 1.061562,3 1.377668,5 3.083217,6 1.636161,24 1.503284,28 2.873509,37 4.204284,43 2.988653,58 1.533038,65 1.22138,105 2.115213,154 2.936535,160 2.346713,172 3.367238,185 2.801028,190 3.809552,227 2.078519,325 3.006843,451 3.346917,508 3.446107,1000 trade
1 1.682535,5 1.541608,43 1.88563,54 1.463705,58 0.660244,72 2.004472,83 3.342409,105 0.818276,109 2.434594,115 1.145021,143 3.198783,150 2.538765,154 1.852748,172 2.12449,195 1.630311,227 2.078519,259 1.935058,1000 trade
1 1.682535,5 3.890587,27 2.267931,28 2.873509,37 2.577845,43 2.988653,53 2.190951,58 1.320487,59 1.636161,69 2.964546,105 2.115213,113 1.544583,248 3.172181,468 3.473293,1000 trade
5 1.945293,15 0.929876,20 1.519314,24 2.150713,25 1.485417,28 1.436755,54 1.463705,58 0.660244,69 2.964546,83 2.108825,93 2.384708,102 1.632256,105 1.636552,113 1.544583,154 1.852748,243 1.725926,382 3.130395,1000 trade
1 2.123123,5 3.59922,15 0.586686,27 2.267931,37 2.577845,43 2.988653,53 2.190951,58 1.853538,59 2.593253,68 3.252976,101 1.66413,105 1.899978,137 2.112709,185 1.767252,218 1.86626,227 2.078519,248 6.00427,325 3.006843,1000 trade
1 2.744097,5 0.972647,27 2.267931,35 0.946821,63 1.514369,70 2.361846,86 1.439698,101 1.66413,105 0.818276,107 1.422223,131 3.805351,172 5.491728,195 1.630311,199 2.357715,203 2.144583,207 3.412862,231 1.691153,270 2.014818,317 3.99308,336 2.421565,394 3.081447,428 2.878114,430 3.302182,532 3.050635,553 5.645478,557 3.394739,668 3.700994,733 2.702612,761 3.782635,788 3.501588,842 3.081447,1000 trade
0 1.24103,1 1.061562,5 1.541608,23 1.622588,27 1.430905,33 1.680634,37 1.626439,51 1.994822,52 1.485417,54 1.463705,63 2.400218,70 1.490159,72 3.269153,101 2.637584,105 0.818276,109 1.536058,118 8.223863,130 1.998115,131 1.902676,134 5.710013,137 2.112709,150 1.601783,154 1.852748,159 2.264465,160 3.719452,168 2.071145,174 1.950293,184 3.782531,190 2.40356,200 2.693935,201 2.702612,207 1.46984,208 1.611162,225 2.363283,229 6.33012,231 1.691153,238 2.011445,243 1.725926,282 6.167749,291 2.30437,297 2.939494,305 2.789976,323 2.585417,344 3.050635,346 2.44005,358 2.8004,428 4.561702,450 3.26016,451 3.346917,661 3.280853,664 3.446107,681 3.875192,714 4.263088,723 2.693551,874 3.782635,879 3.006843,937 3.346917,1000 trade
1 1.682535,2 2.509132,5 4.337451,16 1.684823,19 3.577753,24 1.026151,27 1.430905,28 2.277202,37 1.626439,43 3.771261,58 1.853538,69 3.441731,93 3.493534,102 1.632256,113 2.448107,114 3.237142,193 1.755523,227 3.294375,369 3.26016,468 6.946585,1000 trade
1 1.682535,5 0.972647,24 0.647429,25 2.354329,54 1.463705,70 1.490159,92 1.501352,96 1.852748,115 1.145021,131 3.805351,143 2.018207,177 6.052111,180 2.395023,196 2.021613,223 2.035784,247 2.274228,288 2.44005,334 2.446323,343 3.006843,638 2.711793,1000 trade
1 2.46487,24 0.647429,46 4.548457,48 1.544583,52 4.45625,58 0.660244,60 1.278568,63 1.514369,72 1.264681,83 2.108825,92 2.379586,101 1.66413,105 0.818276,107 2.25417,109 1.536058,112 4.668896,137 4.225417,150 1.601783,195 1.630311,199 5.474445,207 1.46984,224 5.756227,235 3.181384,247 3.604567,254 2.519353,270 2.014818,275 4.867666,281 2.979793,285 1.944158,291 3.65234,304 7.487378,310 2.433833,316 3.26016,322 3.20155,343 4.765733,382 4.961559,385 2.711793,409 4.721783,440 2.914286,448 6.892214,493 5.200029,512 5.233835,537 11.500373,555 7.003176,827 3.130395,990 3.531088,1000 trade
1 2.46487,24 0.647429,46 4.548457,48 1.544583,52 4.45625,58 0.660244,60 1.278568,63 1.514369,72 1.264681,83 2.108825,92 2.379586,101 1.66413,105 0.818276,107 2.25417,109 1.536058,112 4.668896,137 4.905557,150 1.601783,195 1.630311,199 5.474445,207 1.46984,224 5.756227,235 3.181384,247 3.604567,254 2.519353,270 2.014818,275 4.867666,281 2.979793,285 1.944158,291 3.65234,304 7.487378,310 2.433833,316 3.26016,322 3.20155,343 4.765733,382 4.961559,385 2.711793,409 4.721783,440 2.914286,448 6.892214,493 5.200029,512 5.233835,537 11.500373,555 7.003176,827 3.130395,990 3.531088,1000 trade
1 3.928245,6 2.593253,9 2.284131,10 5.697655,25 2.354329,27 1.430905,37 2.577845,46 3.604567,51 3.161718,60 1.278568,62 2.152786,63 1.514369,71 2.421565,72 2.936499,83 2.108825,93 2.384708,101 1.66413,107 2.844445,114 2.042409,131 1.902676,143 4.686132,154 2.936535,164 4.164471,176 2.810982,181 1.258976,190 6.213112,195 1.630311,201 2.702612,235 1.590692,272 3.141086,286 6.071457,287 2.939494,297 2.939494,316 3.26016,321 6.013686,394 3.081447,407 2.866464,442 4.422008,447 2.769588,518 3.501588,557 5.380534,698 3.594145,775 2.855007,1000 trade
1 3.184685,46 2.274228,52 2.970833,54 1.463705,68 2.801961,83 2.108825,92 1.501352,101 1.66413,109 1.536058,112 3.612351,115 1.145021,128 1.998115,137 4.225417,138 2.391811,147 4.120458,150 1.601783,161 2.008088,164 4.164471,184 3.782531,199 2.357715,201 2.702612,247 2.274228,254 3.99308,259 1.935058,266 2.446323,297 2.939494,299 2.616929,304 2.667058,315 4.373886,390 2.789976,493 13.68091,512 3.302182,605 3.700994,680 3.627964,812 3.324189,814 3.06587,852 3.419947,928 2.889963,930 3.220541,940 4.263088,1000 trade
0 1.966986,1 4.989806,5 0.972647,19 1.788877,37 3.776474,43 1.88563,46 2.274228,52 1.485417,58 1.706705,60 1.278568,63 1.514369,65 1.22138,70 3.460041,71 2.421565,72 2.529362,91 1.858121,101 3.32826,105 0.818276,109 2.434594,122 2.028476,143 3.198783,150 2.538765,154 2.936535,164 6.917037,181 2.923252,197 2.485201,201 4.283538,208 1.611162,223 1.284437,231 1.691153,235 3.181384,259 1.935058,272 3.141086,281 1.88004,286 7.048743,291 2.30437,297 2.939494,305 2.789976,314 4.960744,316 3.26016,321 6.981673,323 7.258183,334 3.877329,442 4.422008,460 3.130395,461 3.035728,484 3.5619,673 4.619034,678 2.889963,820 3.663518,865 3.130395,916 2.570182,928 2.889963,1000 trade
0 1.966986,1 5.103304,5 0.972647,19 1.788877,37 4.204284,43 1.88563,46 2.274228,52 1.485417,58 1.706705,60 2.026482,63 1.514369,65 1.22138,70 3.460041,71 2.421565,72 2.529362,91 1.858121,101 3.32826,105 0.818276,109 3.072115,122 2.028476,143 3.198783,150 3.203565,154 2.936535,164 6.917037,181 1.99543,197 2.485201,201 4.283538,208 1.611162,223 1.284437,231 1.691153,235 3.181384,259 1.935058,272 3.141086,281 1.88004,286 7.048743,291 2.30437,297 4.658988,305 2.789976,314 4.960744,316 3.26016,321 6.981673,323 6.683206,334 4.892645,442 5.579953,460 3.130395,461 3.035728,484 3.5619,673 4.619034,678 2.889963,820 3.663518,865 3.130395,916 2.570182,928 2.889963,1000 trade
1 2.123123,2 1.080624,23 1.622588,25 1.485417,43 1.88563,52 2.970833,54 2.319918,57 1.454605,60 1.278568,70 1.490159,91 1.858121,128 1.998115,195 1.630311,207 2.939679,223 1.284437,419 2.8004,535 3.302182,812 3.324189,931 4.042353,1000 trade
0 1.24103,1 2.46487,5 3.083217,20 1.519314,23 1.622588,27 2.86181,37 3.252878,43 4.378298,52 3.44903,58 1.046461,68 1.400981,69 2.349347,83 3.342409,91 1.858121,93 3.889291,105 1.636552,112 2.86272,114 2.042409,115 1.814816,124 2.759615,132 3.928437,143 2.018207,147 4.120458,161 2.008088,183 2.952451,185 1.767252,188 2.775089,189 3.745714,195 1.630311,207 2.329641,259 1.935058,299 4.147734,471 3.220541,641 3.419947,662 4.422008,852 3.419947,879 3.006843,1000 trade
1 3.184685,2 1.080624,5 1.541608,12 1.668219,13 1.539455,14 4.179501,19 4.624179,20 3.527738,23 1.622588,30 3.741003,31 3.011121,35 2.198451,43 1.88563,52 2.354329,57 2.305494,58 1.046461,60 1.278568,65 2.44276,83 2.108825,91 2.945052,97 2.76779,105 0.818276,109 2.434594,112 5.418526,128 1.998115,150 2.538765,161 3.182745,181 1.258976,189 2.363283,193 1.755523,195 4.214293,207 4.126361,208 1.611162,213 3.27689,219 4.233227,243 2.735528,245 2.089729,254 2.519353,257 2.031933,269 2.082236,281 1.88004,288 3.867387,299 4.147734,382 3.130395,389 6.114192,395 4.03839,535 3.302182,557 3.394739,792 3.324189,811 3.370416,864 3.92656,911 3.006843,1000 trade
1 2.123123,31 1.899806,60 1.278568,65 1.22138,112 1.806175,195 1.630311,205 1.88283,215 4.186742,226 2.386011,231 1.691153,254 3.99308,272 1.981805,314 2.136476,389 4.173585,471 3.220541,1000 trade
1 1.682535,31 1.899806,71 2.421565,123 2.421565,143 3.198783,154 1.852748,164 2.082236,195 1.630311,201 2.702612,205 1.88283,215 4.186742,223 1.284437,226 2.386011,272 1.981805,291 2.30437,314 3.386234,684 4.263088,1000 trade
1 1.061562,8 1.348617,19 1.788877,31 1.899806,58 0.660244,78 1.413648,205 1.88283,208 1.611162,215 4.186742,223 1.284437,226 2.386011,272 3.141086,314 2.136476,799 2.821729,943 2.855007,1000 trade
1 1.061562,5 0.972647,19 1.788877,31 1.899806,58 0.660244,105 0.818276,205 1.88283,215 2.64154,223 2.035784,226 2.386011,272 1.981805,649 2.693551,799 2.821729,1000 trade
0 1.24103,1 2.123123,5 3.800024,15 1.173373,19 2.835302,24 1.294858,27 2.86181,28 2.277202,37 3.776474,53 2.190951,54 1.463705,65 1.22138,70 2.361846,77 2.226734,102 1.632256,105 2.297192,109 1.536058,113 3.089167,138 2.391811,185 1.767252,336 2.421565,369 3.26016,1000 trade
1 2.123123,25 1.485417,27 1.430905,33 1.680634,38 1.9722,63 1.514369,72 2.936499,78 1.413648,101 1.66413,106 2.165276,109 3.072115,115 1.814816,118 7.546216,134 6.62912,150 1.601783,159 2.264465,160 5.448898,162 3.719452,174 1.950293,176 2.810982,180 2.395023,184 4.391383,200 1.699684,207 1.46984,223 1.284437,225 3.745714,229 7.349041,238 4.67043,254 2.519353,269 4.164471,280 2.190951,282 4.772022,297 2.939494,303 2.028476,344 3.050635,358 2.8004,383 2.649942,428 2.878114,450 3.26016,456 3.021135,461 3.035728,652 3.26016,664 3.446107,727 3.594145,909 3.501588,935 3.006843,1000 trade
2 1.080624,5 1.541608,24 0.647429,25 2.970833,27 1.430905,34 1.950293,37 1.626439,58 1.046461,59 4.229414,68 1.400981,70 2.980317,96 2.936535,102 1.632256,188 1.750887,209 2.675777,243 1.725926,330 2.368895,351 4.679523,563 3.700994,675 3.324189,816 3.130395,1000 trade
0 1.966986,1 2.98018,5 3.59922,19 5.670605,24 1.503284,35 0.946821,39 1.565484,43 5.293633,53 2.190951,96 5.873071,114 2.042409,185 4.103431,186 4.619047,248 6.00427,541 3.220541,1000 trade
1 1.061562,4 1.174563,34 1.950293,35 1.500676,50 2.161087,52 1.485417,57 1.454605,70 2.361846,92 3.002703,112 4.668896,158 1.88004,195 1.630311,203 2.144583,223 2.035784,244 1.728158,247 3.604567,280 3.472575,394 3.081447,493 3.280853,532 6.101271,837 3.16506,1000 trade
1 2.98018,2 1.080624,5 2.91794,8 2.137508,13 4.321797,14 1.616852,15 1.859752,19 4.153643,23 2.571741,24 1.67358,27 2.86181,28 2.277202,35 2.658063,37 3.252878,43 2.988653,57 2.90921,58 0.660244,60 1.278568,68 1.400981,69 2.349347,80 2.259635,83 4.217651,92 1.501352,93 3.493534,96 5.558243,97 1.746281,101 1.66413,102 1.632256,105 1.296937,106 3.431881,114 4.084819,115 1.814816,124 2.759615,132 2.478568,136 2.702612,140 3.74899,161 3.182745,184 1.891266,185 4.103431,189 2.363283,195 2.583982,200 1.699684,208 2.553632,210 2.555275,213 3.27689,232 2.148672,235 1.590692,243 2.735528,247 2.274228,259 1.935058,266 4.892645,267 2.001423,296 2.821729,298 3.685383,299 4.147734,310 2.433833,315 7.133501,337 5.024773,351 2.952451,377 2.779707,384 2.740088,456 4.788386,516 6.441082,579 3.627964,676 3.501588,725 3.370416,731 3.5619,739 3.663518,749 4.108417,821 6.194764,822 3.875192,840 3.147511,870 3.130395,905 3.875192,919 3.021135,969 4.58887,1000 trade
0 1.966986,1 2.46487,5 2.258416,19 1.788877,24 2.150713,27 3.322459,28 3.336041,37 3.776474,43 3.771261,59 3.272321,69 4.446819,93 4.513749,96 4.301947,113 1.544583,114 3.237142,124 6.407627,132 5.755056,136 2.702612,185 1.767252,227 2.078519,235 1.590692,259 1.935058,266 2.446323,369 3.26016,377 2.779707,672 3.782635,879 3.006843,1000 trade
1 1.682535,37 3.252878,52 3.44903,54 2.319918,112 1.806175,131 1.902676,143 2.018207,154 2.936535,164 2.082236,180 1.511092,190 5.580893,197 2.485201,223 1.284437,231 1.691153,236 2.855007,291 2.30437,305 2.789976,314 2.136476,323 2.585417,336 2.421565,343 3.006843,427 3.16506,943 2.855007,986 2.866464,1000 trade
1 3.928245,2 1.080624,6 1.636161,27 1.430905,38 1.9722,46 3.604567,60 1.278568,65 1.22138,70 1.490159,83 3.342409,91 2.945052,107 2.25417,109 2.434594,112 2.86272,115 1.814816,118 4.209928,131 1.902676,137 2.112709,150 1.601783,164 2.082236,172 2.12449,174 1.950293,176 9.337882,178 3.418644,180 2.395023,192 5.170834,195 1.630311,200 1.699684,207 3.412862,272 3.141086,275 3.857534,282 3.781738,297 2.939494,304 2.667058,322 3.20155,330 2.368895,343 3.006843,356 2.616929,382 3.130395,447 6.430785,448 3.446107,518 7.003176,652 3.26016,661 5.200029,811 7.825863,865 3.130395,1000 trade
1 2.46487,27 1.430905,31 1.899806,52 3.839746,54 1.463705,58 0.660244,86 3.342875,107 2.844445,112 3.612351,172 2.12449,180 1.511092,195 1.630311,197 2.485201,205 1.88283,208 1.611162,215 2.64154,224 5.756227,226 2.386011,231 1.691153,235 1.590692,270 2.014818,297 2.939494,308 6.33012,316 3.26016,322 3.20155,334 2.446323,638 2.711793,956 3.419947,1000 trade
1 3.365071,15 0.586686,43 1.88563,52 1.485417,58 1.046461,62 2.152786,70 2.980317,72 2.529362,83 2.108825,181 1.258976,195 2.583982,201 2.702612,208 1.611162,231 1.691153,272 3.141086,286 3.035728,321 3.006843,323 2.585417,442 6.478125,461 3.035728,471 3.220541,1000 trade
1 1.682535,5 1.541608,15 0.586686,19 2.835302,25 2.970833,27 2.86181,51 1.994822,54 1.463705,58 1.046461,59 3.272321,60 1.278568,70 2.980317,72 2.004472,83 3.342409,105 0.818276,117 3.838089,137 2.112709,154 1.852748,208 1.611162,222 1.750887,231 1.691153,239 2.855007,259 1.935058,272 3.963609,291 2.30437,314 2.136476,323 4.097789,330 2.368895,380 2.810982,730 3.20155,779 3.782635,899 4.462494,943 2.855007,986 4.543238,1000 trade
1 4.426632,4 1.174563,5 0.972647,19 2.835302,25 1.485417,37 1.626439,43 1.88563,46 2.274228,51 1.994822,52 1.485417,54 1.463705,58 1.046461,70 2.361846,71 2.421565,72 3.794044,83 2.108825,105 0.818276,109 2.434594,115 1.145021,143 3.198783,150 2.538765,154 1.852748,158 1.88004,164 4.164471,180 1.511092,181 1.258976,192 4.097789,195 2.583982,201 2.702612,208 2.553632,223 2.035784,226 2.386011,235 3.181384,238 2.011445,244 1.728158,259 1.935058,272 3.141086,279 2.54794,281 1.88004,286 3.035728,292 2.585417,314 3.386234,323 4.097789,356 2.616929,375 4.765733,394 4.883978,397 2.979113,405 2.832645,442 5.579953,460 4.961559,461 4.811516,535 3.302182,550 3.627964,638 2.711793,678 2.889963,744 3.021135,822 3.875192,975 3.370416,983 2.952451,1000 trade
1 2.744097,5 0.972647,25 1.485417,27 2.86181,37 2.577845,45 2.165276,48 1.544583,52 1.485417,54 2.319918,57 1.454605,59 2.593253,60 1.278568,70 1.490159,72 3.269153,112 1.806175,115 1.145021,142 2.64154,154 4.301947,164 4.164471,180 1.511092,195 1.630311,201 4.283538,208 1.611162,222 4.525976,224 2.878114,226 2.386011,231 1.691153,235 1.590692,272 3.141086,279 2.54794,280 2.190951,286 3.035728,314 4.960744,321 4.765733,322 3.20155,332 2.843736,435 2.914286,442 2.789976,460 3.130395,532 3.050635,805 3.594145,943 2.855007,986 2.866464,1000 trade
1 1.061562,20 3.038628,27 1.430905,37 1.626439,46 3.604567,52 4.170091,54 1.463705,68 1.400981,70 1.490159,83 2.108825,91 1.858121,92 1.501352,101 1.66413,102 1.632256,105 0.818276,107 1.422223,112 2.86272,115 1.145021,137 2.112709,147 4.120458,154 2.936535,164 4.164471,195 2.583982,207 1.46984,224 2.878114,247 2.274228,281 1.88004,316 3.26016,356 2.616929,375 7.772576,382 3.130395,397 2.979113,427 3.16506,435 2.914286,448 5.46195,493 3.280853,512 3.302182,638 2.711793,687 3.183065,914 3.501588,1000 trade
1 1.682535,20 1.519314,23 1.622588,25 1.485417,54 1.463705,115 1.145021,172 2.12449,195 1.630311,197 2.485201,207 1.46984,535 3.302182,653 2.625036,977 3.627964,988 3.740613,1000 trade
1 2.98018,5 1.541608,19 1.788877,24 0.647429,43 1.88563,46 2.274228,52 2.354329,58 1.046461,59 1.636161,72 2.529362,78 1.413648,83 2.108825,92 1.501352,105 1.636552,109 1.536058,112 3.612351,131 3.805351,150 1.601783,154 1.852748,164 2.082236,181 1.99543,199 2.357715,201 2.702612,214 2.173729,223 1.284437,224 2.878114,259 1.935058,275 3.857534,291 2.30437,297 2.939494,343 3.006843,382 3.130395,385 2.711793,390 4.422008,428 4.561702,605 3.700994,1000 trade
0 1.24103,2 1.080624,5 0.972647,15 0.929876,19 4.153643,20 3.527738,29 2.060229,32 1.858121,52 1.485417,65 1.22138,90 1.721483,106 2.165276,114 3.237142,140 1.874495,143 2.018207,198 2.254838,218 1.86626,243 1.725926,634 3.875192,798 2.625036,1000 trade
1 2.744097,17 3.248353,37 1.626439,43 1.88563,46 2.274228,52 1.485417,57 1.454605,58 1.046461,60 1.278568,65 1.22138,70 2.361846,92 1.501352,109 2.434594,131 1.902676,137 5.461272,150 2.538765,152 2.254838,162 2.346713,174 4.528439,181 1.99543,190 2.40356,195 3.260623,200 2.693935,201 2.702612,207 2.329641,208 1.611162,231 1.691153,247 2.274228,254 5.038706,297 2.939494,304 2.667058,336 2.421565,346 3.867387,390 4.422008,428 2.878114,638 2.711793,642 4.181447,935 3.006843,1000 trade
1 1.682535,52 2.354329,83 2.108825,164 3.300265,178 2.156924,195 3.260623,207 1.46984,223 1.284437,254 3.99308,316 3.26016,1000 trade
1 2.46487,3 2.183552,6 3.272321,24 1.026151,25 3.44903,35 0.946821,43 2.988653,48 1.544583,58 1.046461,59 1.636161,60 1.278568,69 1.482273,70 2.980317,72 1.264681,82 2.421565,105 0.818276,109 1.536058,150 1.601783,154 1.852748,160 2.346713,168 4.14229,190 2.40356,213 2.067487,218 1.86626,252 2.979113,272 3.963609,325 3.006843,344 3.050635,357 2.693551,358 2.8004,421 2.721097,429 3.594145,451 5.304738,487 3.050635,488 3.531088,517 3.20155,661 5.200029,686 3.5619,729 3.220541,1000 trade
1 2.46487,6 2.593253,7 1.902676,25 2.354329,57 1.454605,58 0.660244,59 2.593253,60 1.278568,70 3.852004,90 1.721483,190 2.40356,252 2.979113,272 4.601608,344 3.050635,358 2.8004,390 2.789976,421 2.721097,429 3.594145,487 3.050635,488 3.531088,686 3.5619,915 3.594145,987 2.427672,1000 trade
1 3.184685,37 1.626439,54 1.463705,70 2.980317,92 1.501352,107 3.992684,109 2.434594,150 2.538765,164 2.082236,181 1.258976,188 1.750887,190 2.40356,235 1.590692,247 2.274228,272 3.141086,305 2.789976,343 4.765733,442 2.789976,678 2.889963,681 3.875192,993 3.82737,1000 trade
1 1.682535,19 1.788877,24 0.647429,35 0.946821,37 1.626439,43 1.88563,46 2.274228,52 4.170091,58 1.046461,59 1.636161,63 2.400218,70 3.852004,86 1.439698,107 2.25417,109 4.608173,112 6.24834,115 1.145021,130 1.998115,143 4.036415,150 4.805348,154 2.936535,164 2.082236,180 1.511092,181 1.258976,199 5.474445,205 1.88283,222 1.750887,223 3.320221,224 7.439816,226 2.386011,231 1.691153,235 3.693473,259 1.935058,275 2.433833,297 4.658988,308 8.181561,314 2.136476,316 5.167232,396 3.324189,448 3.446107,461 3.035728,557 5.380534,593 11.102983,937 3.346917,987 2.427672,1000 trade
1 2.123123,6 2.593253,25 2.354329,37 3.252878,51 3.989644,59 1.636161,60 1.278568,82 2.421565,86 1.439698,128 1.998115,154 1.852748,158 1.88004,160 4.693425,168 2.071145,177 2.341276,188 1.750887,195 1.630311,196 2.021613,235 1.590692,252 2.979113,272 3.141086,286 3.035728,317 2.519353,321 3.006843,507 3.081447,510 7.18829,550 5.750187,698 3.594145,1000 trade
1 2.46487,6 1.636161,24 0.647429,35 1.893643,46 3.604567,52 1.485417,83 2.108825,97 3.492562,105 0.818276,107 1.422223,112 2.86272,131 1.902676,137 2.112709,154 2.936535,181 2.517953,201 2.702612,224 2.878114,243 1.725926,271 2.600994,272 1.981805,275 2.433833,304 2.667058,356 2.616929,375 7.772576,385 2.711793,397 2.979113,409 4.721783,537 3.627964,1000 trade
1 2.46487,5 0.972647,23 2.571741,35 0.946821,37 1.626439,39 1.565484,43 2.988653,51 1.994822,52 2.970833,54 2.319918,58 0.660244,72 1.264681,91 1.858121,101 1.66413,105 0.818276,107 1.422223,109 2.434594,112 2.86272,131 1.902676,137 2.112709,150 2.538765,154 1.852748,181 1.258976,190 2.40356,195 1.630311,199 2.357715,223 1.284437,259 1.935058,275 2.433833,316 3.26016,322 3.20155,405 2.832645,409 2.979113,593 5.865937,662 2.789976,943 2.855007,1000 trade
1 2.98018,5 1.945293,19 1.788877,24 0.647429,27 1.430905,43 2.988653,46 2.274228,52 4.45625,58 1.046461,70 1.490159,72 1.264681,105 1.899978,107 1.422223,109 3.566615,112 4.668896,115 1.145021,131 3.01567,150 3.719224,154 2.936535,164 2.082236,180 1.511092,197 2.485201,205 1.88283,209 2.675777,214 2.173729,222 1.750887,223 2.035784,224 2.878114,259 1.935058,272 1.981805,279 2.54794,291 3.65234,308 6.33012,460 3.130395,638 2.711793,662 2.789976,854 3.473293,920 2.939494,1000 trade
1 2.123123,25 2.354329,27 2.267931,31 3.799611,52 2.354329,54 1.463705,61 2.40951,70 2.980317,107 3.302299,109 1.536058,112 1.806175,150 1.601783,164 2.082236,199 2.357715,205 1.88283,215 4.186742,226 2.386011,286 3.035728,314 2.136476,336 2.421565,444 3.280853,661 5.200029,779 5.995335,983 2.952451,1000 trade
1 1.061562,2 1.080624,5 0.972647,8 2.137508,14 2.562649,15 0.929876,19 2.835302,31 3.011121,35 0.946821,47 1.699684,48 1.544583,54 2.319918,58 0.660244,60 1.278568,70 2.980317,90 2.728486,97 2.76779,109 2.434594,115 1.145021,128 1.998115,150 2.538765,164 2.082236,168 2.071145,184 4.391383,193 2.782438,195 1.630311,205 2.984214,207 1.46984,208 1.611162,210 2.555275,213 3.27689,215 8.373485,218 2.957951,221 4.679523,222 1.750887,226 2.386011,310 3.857534,330 2.368895,335 2.386011,1000 trade
1 1.682535,2 1.080624,13 1.539455,19 2.835302,23 3.245176,31 3.011121,38 3.125863,43 1.88563,52 2.970833,54 3.398619,60 1.278568,70 3.460041,78 1.413648,86 2.281867,107 1.422223,128 1.998115,152 4.509677,178 4.313849,180 1.511092,181 1.258976,207 1.46984,213 2.067487,223 1.284437,231 3.926735,238 3.188065,244 1.728158,304 2.667058,334 2.446323,373 2.779707,471 3.220541,485 3.006843,535 5.233835,562 3.346917,593 3.700994,662 2.789976,730 3.20155,968 3.594145,1000 trade
20 1.519314,24 1.026151,27 2.267931,28 2.277202,37 1.626439,52 2.970833,58 1.046461,86 1.439698,105 1.296937,138 3.790931,195 1.630311,235 1.590692,281 2.979793,317 2.519353,407 2.866464,1000 trade
1 3.184685,24 0.647429,27 1.430905,46 4.548457,52 1.485417,60 2.026482,83 2.108825,92 1.501352,112 4.668896,115 1.145021,131 3.01567,164 4.164471,178 2.156924,180 1.511092,181 1.258976,208 1.611162,224 4.561702,231 1.691153,235 2.521187,286 3.035728,304 2.667058,308 5.016501,321 3.006843,356 5.233858,389 2.633239,555 5.549886,811 3.370416,814 3.06587,1000 trade
1 2.46487,6 1.636161,52 2.970833,70 1.490159,107 1.422223,109 1.536058,112 1.806175,150 1.601783,181 1.258976,223 1.284437,224 2.878114,254 3.99308,272 1.981805,281 1.88004,285 1.944158,308 3.16506,316 3.26016,322 3.20155,356 2.616929,375 6.981673,397 2.979113,409 2.979113,427 3.16506,448 5.46195,1000 trade
1 3.805659,5 1.945293,15 0.586686,27 2.267931,28 1.436755,34 1.950293,35 2.198451,37 1.626439,43 1.88563,46 2.274228,47 2.693935,50 2.161087,52 5.655508,54 1.463705,58 0.660244,59 1.636161,60 2.026482,69 1.482273,70 1.490159,72 1.264681,78 1.413648,92 2.379586,93 1.504583,96 1.852748,97 1.746281,101 1.66413,105 0.818276,107 1.422223,109 3.566615,112 6.683643,115 2.290042,118 2.104964,137 2.112709,150 3.719224,158 2.979793,161 3.182745,164 4.164471,172 2.12449,174 3.091141,181 1.99543,183 2.952451,185 1.767252,195 2.583982,197 2.485201,200 3.399368,201 2.702612,203 5.543667,205 1.88283,207 1.46984,218 1.86626,219 4.233227,222 2.775089,224 2.878114,225 2.363283,231 1.691153,232 3.405565,235 3.181384,247 2.274228,267 2.001423,268 2.40356,275 2.433833,280 2.190951,297 2.939494,321 3.006843,322 3.20155,334 2.446323,387 2.979113,394 4.883978,427 6.33012,460 3.130395,532 4.835142,638 2.711793,639 4.108417,662 2.789976,700 3.740613,716 3.419947,842 3.081447,879 3.006843,1000 trade
1 1.682535,34 1.950293,35 0.946821,52 2.970833,92 3.002703,112 2.86272,181 1.258976,247 3.604567,267 2.001423,275 3.857534,280 3.472575,330 2.368895,390 4.422008,493 6.561706,512 3.302182,532 3.050635,661 3.280853,725 3.370416,798 2.625036,901 4.355645,943 2.855007,1000 trade
8 1.348617,15 0.586686,65 1.22138,109 1.536058,118 2.104964,133 1.360355,134 2.855007,160 2.346713,174 1.950293,184 1.891266,190 2.40356,200 2.693935,208 1.611162,229 3.16506,270 2.014818,331 4.679523,450 5.167232,723 2.693551,793 2.740088,964 3.594145,1000 trade
1 1.682535,35 1.893643,46 2.274228,52 3.839746,54 1.463705,60 1.278568,63 1.514369,65 1.22138,83 2.108825,107 2.25417,109 1.536058,112 1.806175,137 2.112709,150 1.601783,154 1.852748,164 3.300265,168 2.071145,172 2.12449,176 2.810982,180 1.511092,196 2.021613,197 2.485201,199 2.357715,207 1.46984,224 4.561702,231 1.691153,235 3.181384,275 2.433833,286 3.035728,292 2.585417,308 3.16506,314 2.136476,316 6.520321,321 3.006843,322 8.275886,323 2.585417,382 6.26079,427 3.16506,460 3.130395,557 3.394739,653 2.625036,733 2.702612,779 3.782635,827 3.130395,987 2.427672,1000 trade
1 1.682535,19 3.577753,32 1.858121,90 2.728486,203 2.144583,213 4.134975,272 1.981805,291 2.30437,323 4.097789,561 5.304738,1000 trade
1 2.46487,5 1.541608,19 3.577753,32 1.858121,54 2.319918,59 1.636161,60 1.278568,90 1.721483,105 1.296937,177 3.710835,181 1.258976,196 2.021613,244 1.728158,248 2.001423,259 3.066994,561 6.693834,1000 trade
1 2.46487,5 1.541608,19 3.577753,32 1.858121,54 2.319918,59 1.636161,60 1.278568,90 1.721483,105 1.296937,177 3.710835,181 1.258976,196 2.021613,244 1.728158,248 2.001423,259 3.066994,561 6.693834,1000 trade
1 1.061562,19 1.788877,23 1.622588,32 1.858121,54 2.319918,70 1.490159,72 1.264681,90 1.721483,101 1.66413,109 1.536058,115 1.145021,128 3.996229,141 2.074822,150 1.601783,159 4.528931,195 1.630311,203 2.144583,207 2.329641,213 2.067487,223 1.284437,253 2.721097,272 1.981805,373 2.779707,535 3.302182,561 9.395984,662 2.789976,694 3.501588,812 3.324189,1000 trade
5 3.364805,20 1.519314,23 1.622588,27 4.292716,52 1.485417,55 2.49866,58 1.046461,70 1.490159,93 4.223899,102 2.587064,109 1.536058,113 2.448107,128 1.998115,150 1.601783,174 1.950293,185 2.801028,191 2.693551,195 1.630311,200 1.699684,255 2.562689,264 6.152879,269 5.382501,337 2.512387,407 2.866464,763 4.181447,820 3.663518,1000 trade
1 2.744097,52 2.354329,92 1.501352,107 1.422223,109 3.072115,112 1.806175,137 2.112709,150 3.203565,164 3.300265,197 3.93895,232 2.148672,247 2.274228,254 5.038706,275 3.857534,291 2.30437,297 2.939494,304 2.667058,305 2.789976,308 8.885446,314 3.386234,471 5.104437,605 3.700994,798 2.625036,821 3.097382,870 3.130395,1000 trade
1 2.46487,35 1.893643,52 3.44903,54 1.463705,70 1.490159,72 1.264681,79 1.908452,83 2.108825,86 1.439698,107 2.25417,109 1.536058,112 4.193809,150 1.601783,154 1.852748,164 4.164471,172 3.367238,181 1.258976,195 1.630311,196 2.021613,197 3.93895,199 2.357715,201 5.405223,207 1.46984,224 5.756227,231 3.382305,235 2.521187,281 1.88004,286 3.035728,297 2.939494,308 3.16506,314 2.136476,316 5.167232,317 2.519353,321 3.006843,322 7.433768,460 4.961559,557 5.380534,987 2.427672,1000 trade
1 1.682535,107 1.422223,197 2.485201,223 1.284437,314 2.136476,323 2.585417,1000 trade
1 2.123123,27 2.267931,35 2.447497,52 2.970833,54 1.463705,70 2.361846,109 3.072115,112 5.070575,128 1.998115,150 3.203565,154 1.852748,164 4.164471,172 4.248981,181 1.258976,196 2.021613,197 2.485201,199 2.357715,201 4.283538,224 6.682773,231 1.691153,235 1.590692,281 2.979793,286 3.035728,297 2.939494,316 5.167232,317 2.519353,321 3.006843,322 8.275886,460 3.130395,557 3.394739,842 4.883978,896 5.549886,987 2.427672,1000 trade
1 1.682535,2 3.033696,11 1.917208,15 1.173373,43 1.88563,52 3.839746,58 0.660244,60 2.026482,68 1.400981,70 2.361846,91 1.858121,112 1.806175,114 2.042409,128 1.998115,203 2.144583,206 2.289135,207 4.882701,210 2.555275,218 2.957951,223 1.284437,270 2.014818,339 2.386011,398 3.06587,1000 trade
1 1.061562,20 1.519314,23 1.622588,25 1.485417,27 2.267931,37 1.626439,54 1.463705,70 1.490159,83 2.108825,143 2.018207,222 1.750887,223 1.284437,243 1.725926,356 2.616929,375 3.006843,397 2.979113,1000 trade
1 2.46487,25 1.485417,35 0.946821,46 2.274228,58 0.660244,60 1.278568,86 1.439698,91 1.858121,107 1.422223,128 1.998115,158 1.88004,176 5.621965,192 2.585417,195 1.630311,207 1.46984,213 2.067487,223 2.035784,334 2.446323,339 6.698379,356 2.616929,375 6.981673,397 2.979113,1000 trade
1 4.339094,2 1.080624,5 1.541608,13 1.539455,15 0.586686,19 5.670605,20 3.527738,23 2.571741,31 1.899806,32 1.858121,35 0.946821,38 1.9722,43 1.88563,52 2.354329,54 2.319918,57 1.454605,60 2.026482,80 2.259635,90 2.728486,101 1.66413,109 1.536058,115 1.145021,128 1.998115,137 2.112709,143 2.018207,147 2.060229,150 1.601783,161 2.008088,180 1.511092,193 2.782438,200 1.699684,201 2.702612,208 1.611162,213 4.800557,231 1.691153,235 1.590692,250 2.245343,286 3.035728,291 2.30437,305 4.422008,323 5.170834,330 2.368895,356 4.147734,375 10.401968,395 2.54794,397 2.979113,405 2.832645,460 3.130395,561 3.346917,562 3.346917,662 4.422008,754 4.263088,812 3.324189,943 2.855007,986 2.866464,1000 trade
1 3.184685,5 0.972647,46 2.274228,52 1.485417,70 2.361846,107 1.422223,109 1.536058,112 3.612351,131 3.01567,150 1.601783,176 4.455302,180 1.511092,282 2.386011,285 1.944158,322 3.20155,330 2.368895,356 2.616929,375 6.981673,394 3.081447,397 2.979113,428 2.878114,447 2.769588,518 3.501588,1000 trade
1 2.98018,5 0.972647,6 4.229414,46 2.274228,58 0.660244,63 2.400218,70 2.361846,105 0.818276,107 1.422223,121 2.843736,128 1.998115,174 1.950293,176 4.455302,180 2.395023,190 4.80712,200 1.699684,207 1.46984,223 1.284437,268 2.40356,282 2.386011,285 1.944158,346 2.44005,350 5.05278,356 2.616929,375 6.981673,397 2.979113,435 2.914286,447 4.389694,518 5.549886,662 2.789976,684 4.263088,692 3.394739,723 2.693551,855 3.875192,898 3.875192,916 2.570182,935 3.006843,1000 trade
1 3.805659,5 1.945293,19 2.835302,20 1.519314,46 2.274228,52 2.354329,54 1.463705,58 0.660244,60 1.278568,70 1.490159,79 1.908452,92 2.379586,107 1.422223,109 1.536058,112 1.806175,118 3.336289,131 3.01567,150 1.601783,174 1.950293,176 5.621965,180 2.395023,200 1.699684,201 2.702612,207 2.329641,223 2.568874,282 3.781738,285 1.944158,291 4.60874,305 4.422008,322 3.20155,323 2.585417,343 3.006843,356 2.616929,375 6.013686,394 3.081447,397 2.979113,447 4.389694,471 3.220541,518 3.501588,640 3.594145,662 4.422008,898 3.875192,1000 trade
1 3.526431,60 1.278568,72 2.936499,112 1.806175,128 1.998115,188 1.750887,192 2.585417,195 3.260623,201 4.283538,272 1.981805,286 3.035728,291 3.65234,308 3.16506,321 3.006843,322 3.20155,356 2.616929,375 7.772576,397 2.979113,447 2.769588,562 3.346917,638 2.711793,673 2.914286,746 3.346917,986 4.543238,1000 trade
1 1.682535,5 2.258416,8 3.131393,13 2.439979,15 0.929876,20 3.527738,27 2.267931,33 2.663742,53 3.472575,58 2.092922,78 3.282388,90 2.728486,93 2.384708,113 2.448107,185 5.602055,1000 trade