18
3 2.183552,27 1.430905,35 0.946821,43 1.88563,58 1.046461,59 1.636161,60 1.278568,65 1.22138,70 2.361846,86 1.439698,100 8.885446,107 2.25417,109 2.434594,150 2.538765,178 2.156924,207 1.46984,208 1.611162,256 3.949565,270 2.014818,357 2.693551,591 6.903534,886 4.355645,1000 tin
3 5.24527,4 1.861639,15 0.929876,25 4.708659,27 4.292716,28 1.436755,43 1.88563,45 2.165276,58 1.853538,59 2.593253,63 3.028738,65 1.935842,70 2.980317,71 4.843129,73 3.514834,86 1.439698,87 7.945425,92 3.486031,93 1.504583,97 1.746281,100 10.949308,109 1.536058,114 2.042409,130 5.609417,133 1.360355,139 5.931308,159 2.264465,166 8.001174,172 2.12449,184 1.891266,185 1.767252,187 2.250074,204 2.330529,207 2.939679,208 1.611162,223 1.284437,230 8.4012,235 4.772076,256 2.491898,270 2.014818,292 2.585417,337 2.512387,339 2.386011,344 6.101271,350 2.52639,358 5.6008,407 4.543238,434 3.82737,442 2.789976,504 3.220541,591 16.117802,616 4.042353,626 4.355645,638 4.298089,686 7.1238,734 3.050635,746 3.346917,779 3.782635,953 6.142034,1000 tin
54 1.463705,60 1.278568,61 2.40951,79 3.024825,100 3.16506,105 0.818276,115 1.814816,133 1.360355,141 2.074822,166 2.667058,196 4.043227,205 1.88283,209 8.02733,223 2.568874,235 1.590692,269 2.082236,292 4.097789,296 2.821729,330 2.368895,340 3.097382,390 4.422008,434 12.132475,442 2.789976,626 6.903534,755 5.304738,1000 tin
60 1.278568,100 3.16506,133 1.360355,139 2.965654,166 2.667058,209 6.212961,235 1.590692,269 2.082236,276 3.097382,292 4.097789,390 2.789976,434 8.886878,626 4.355645,729 3.220541,878 3.594145,1000 tin
60 1.278568,100 5.016501,133 1.360355,166 4.227187,196 4.694041,205 1.88283,209 5.351554,218 1.86626,223 2.035784,269 2.082236,276 3.097382,390 2.789976,434 10.744786,626 6.903534,1000 tin
3 2.755336,20 2.408056,25 1.485417,27 1.430905,35 0.946821,47 1.699684,51 3.161718,54 1.463705,57 1.454605,58 0.660244,60 1.278568,65 1.22138,68 1.400981,70 1.490159,71 3.838089,100 8.885446,133 3.516466,172 2.12449,178 2.156924,220 3.097382,313 5.268714,315 2.759615,706 4.462494,737 3.5619,745 3.875192,928 2.889963,953 7.750384,1000 tin
0 1.24103,1 2.123123,2 1.080624,3 1.377668,6 1.636161,7 4.417876,9 4.568261,10 6.187842,12 1.668219,15 1.173373,17 2.049482,24 0.647429,25 2.970833,26 7.861716,27 2.267931,30 2.553632,35 3.604885,43 1.88563,47 1.699684,51 4.631833,52 1.485417,53 2.190951,54 4.109141,58 0.660244,59 2.593253,60 4.423118,61 3.818982,65 3.428847,66 4.638829,70 5.342163,71 2.421565,72 2.529362,75 9.988516,81 1.88283,83 2.108825,86 1.439698,87 4.783623,92 3.002703,97 5.535579,99 3.220541,100 9.495179,105 0.818276,106 4.330551,107 4.920082,109 1.536058,115 1.145021,116 2.173729,121 4.507214,128 1.998115,130 1.998115,131 1.902676,133 4.706055,137 3.348564,149 6.828283,151 2.264465,152 2.254838,159 3.589093,172 2.12449,175 3.050635,177 2.341276,178 3.418644,180 1.511092,181 1.258976,188 1.750887,192 2.585417,193 2.782438,195 2.583982,196 2.021613,198 9.57839,199 7.073146,204 6.024331,207 4.126361,208 1.611162,219 4.914625,225 2.363283,231 2.680414,235 1.590692,250 3.558784,253 2.721097,256 3.949565,268 2.40356,269 3.300265,270 2.014818,275 2.433833,293 2.264465,299 2.616929,303 2.028476,308 3.16506,313 5.268714,314 2.136476,315 2.759615,326 3.183065,334 9.052469,344 4.835142,346 2.44005,350 2.52639,357 2.693551,358 2.8004,361 3.394739,373 2.779707,378 2.914286,380 2.810982,465 6.366129,481 2.979113,482 3.370416,494 8.084706,499 3.982041,550 5.750187,574 7.481227,591 6.903534,616 4.042353,653 2.625036,656 3.82737,662 2.789976,668 3.700994,673 4.619034,678 2.889963,710 7.518335,722 13.775599,816 3.130395,847 3.370416,874 5.995335,878 3.594145,890 4.942947,910 3.473293,911 6.981673,912 3.220541,920 2.939494,927 3.501588,950 8.593442,1000 tin
2 2.793373,5 1.541608,8 2.137508,13 1.539455,15 1.647037,16 3.369645,24 2.150713,27 2.267931,29 4.120458,33 1.680634,35 1.500676,38 1.9722,39 2.481233,47 3.399368,54 2.319918,57 2.90921,58 1.706705,60 2.968742,67 1.969027,70 1.490159,72 2.529362,81 1.88283,91 1.858121,92 1.501352,100 3.16506,105 3.027981,107 3.676392,133 2.156111,152 4.509677,158 2.979793,159 2.264465,165 2.299254,168 3.282687,178 2.156924,180 1.511092,184 1.891266,193 2.782438,195 1.630311,203 2.144583,207 2.329641,218 1.86626,222 1.750887,265 2.491898,272 1.981805,285 3.081418,292 2.585417,319 2.533499,343 3.006843,353 4.298089,390 2.789976,626 10.113495,632 3.982041,640 3.594145,664 3.446107,676 3.501588,732 3.394739,733 2.702612,746 3.346917,802 3.324189,812 3.324189,837 3.16506,874 5.995335,883 3.473293,915 3.594145,987 2.427672,1000 tin
2 1.080624,8 1.348617,15 0.929876,29 2.060229,39 1.565484,54 2.319918,61 2.40951,63 1.514369,79 1.908452,100 3.16506,115 1.145021,141 2.074822,166 2.667058,196 2.021613,205 1.88283,209 6.916783,235 1.590692,269 2.082236,292 2.585417,296 2.821729,330 2.368895,390 4.422008,434 9.893608,626 4.355645,812 3.324189,916 2.570182,926 3.982041,1000 tin
3 3.198846,51 3.161718,100 8.885446,107 1.422223,109 1.536058,128 1.998115,207 1.46984,230 2.8004,270 2.014818,313 3.324189,314 2.136476,344 3.050635,358 2.8004,434 3.82737,659 5.074336,729 3.220541,886 6.903534,919 3.021135,1000 tin
3 2.183552,27 1.430905,45 2.165276,51 1.994822,58 0.660244,60 2.026482,70 1.490159,86 1.439698,87 3.790931,92 1.501352,100 6.33012,107 2.25417,149 2.64154,172 2.12449,199 3.73689,223 1.284437,230 2.8004,256 2.491898,270 2.014818,279 2.54794,358 5.6008,479 3.220541,630 8.924988,867 2.939494,1000 tin
3 2.755336,52 1.485417,58 0.660244,59 1.636161,69 1.482273,100 3.16506,220 3.097382,238 2.011445,350 2.52639,407 2.866464,1000 tin
3 1.377668,52 1.485417,58 0.660244,59 1.636161,93 1.504583,100 3.16506,220 3.097382,344 3.050635,350 2.52639,407 2.866464,1000 tin
47 1.699684,60 1.278568,75 3.006843,78 1.413648,86 1.439698,93 1.504583,97 1.746281,100 7.349041,109 1.536058,115 1.145021,172 4.932914,206 2.289135,209 2.675777,219 2.116614,220 6.194764,222 2.775089,270 3.193411,384 4.342937,449 3.16506,494 12.813956,587 4.108417,680 3.627964,695 4.181447,974 3.240068,989 3.627964,1000 tin
58 0.660244,60 2.026482,70 1.490159,75 3.006843,93 2.384708,97 1.746281,100 6.33012,107 1.422223,115 1.145021,121 4.507214,172 4.932914,199 2.357715,213 2.067487,220 3.097382,222 1.750887,223 1.284437,270 2.014818,279 4.03839,280 2.190951,352 2.625036,384 2.740088,421 2.721097,494 11.348319,630 4.462494,989 5.750187,1000 tin
58 0.660244,60 1.278568,70 1.490159,75 3.006843,97 1.746281,100 3.16506,121 4.507214,133 1.360355,172 3.367238,199 2.357715,279 4.03839,315 2.759615,494 6.406978,1000 tin
3 2.183552,8 1.348617,35 0.946821,51 1.994822,58 1.320487,59 2.593253,70 1.490159,100 8.885446,107 1.422223,109 4.312259,113 1.544583,114 2.042409,150 3.719224,230 2.8004,248 2.001423,313 3.324189,314 2.136476,434 3.82737,659 3.20155,902 3.081447,919 3.021135,1000 tin
3 3.867602,25 1.485417,27 3.322459,43 1.88563,51 1.994822,58 1.046461,65 1.22138,70 1.490159,71 2.421565,87 2.391811,100 7.349041,130 3.166937,207 1.46984,208 1.611162,256 2.491898,270 2.014818,339 2.386011,344 3.050635,358 2.8004,591 13.066935,686 3.5619,1000 tin