35
2 1.712749,5 4.055864,18 2.335882,20 1.519314,24 2.150713,32 4.314423,58 1.046461,67 3.120835,69 2.349347,72 1.264681,78 1.413648,93 3.009166,102 3.264511,105 1.636552,113 1.544583,206 3.628194,963 4.181447,1000 reserves
2 1.080624,5 2.514255,18 2.335882,20 1.519314,28 2.277202,33 1.680634,36 2.299254,47 1.699684,68 1.400981,72 2.936499,78 2.240578,147 2.060229,181 1.258976,182 2.374554,185 2.801028,195 1.630311,206 3.628194,244 1.728158,373 2.779707,462 3.280853,840 3.147511,1000 reserves
0 1.24103,2 1.712749,5 2.514255,13 1.539455,15 1.516562,18 2.335882,23 2.571741,25 1.485417,27 1.430905,28 2.277202,35 0.946821,36 2.299254,37 1.626439,52 1.485417,53 2.190951,54 1.463705,57 1.454605,58 1.046461,62 2.152786,65 1.22138,67 4.57194,68 1.400981,72 3.269153,80 3.581437,91 1.858121,97 1.746281,101 1.66413,105 0.818276,218 1.86626,250 2.245343,259 1.935058,265 3.949565,299 2.616929,1000 reserves
5 3.890587,14 1.616852,16 2.670381,24 1.503284,28 3.336041,31 1.899806,32 1.858121,33 1.680634,35 1.500676,36 2.299254,47 5.099051,67 3.120835,68 2.220502,72 1.264681,90 2.728486,102 2.587064,109 1.536058,123 2.421565,141 2.074822,157 4.930978,158 1.88004,181 2.923252,182 6.138132,191 8.080652,256 2.491898,264 7.140776,288 2.44005,303 3.215059,319 2.533499,376 3.183065,877 4.042353,951 3.82737,1000 reserves
5 1.945293,15 1.173373,24 1.026151,25 1.485417,33 1.680634,37 1.626439,58 0.660244,67 3.120835,70 1.490159,72 2.936499,78 2.240578,102 1.632256,105 0.818276,128 1.998115,150 1.601783,151 2.264465,172 3.367238,185 2.801028,207 1.46984,244 1.728158,259 1.935058,1000 reserves
5 2.730564,16 1.684823,18 2.335882,24 2.395772,28 1.436755,32 2.945052,59 2.593253,67 3.120835,69 2.349347,72 2.004472,80 2.259635,105 2.593874,123 3.838089,182 3.763578,188 1.750887,352 2.625036,538 3.531088,719 3.92656,1000 reserves
5 2.258416,18 2.335882,67 3.938055,72 2.004472,78 2.240578,105 1.296937,143 2.018207,223 1.284437,339 3.781738,840 3.147511,1000 reserves
2 1.712749,5 3.231062,18 2.335882,24 0.647429,28 1.436755,31 1.899806,39 1.565484,58 0.660244,67 3.938055,72 2.004472,78 1.413648,105 1.296937,185 1.767252,212 3.26016,339 5.540146,352 2.625036,840 3.147511,1000 reserves
2 1.712749,5 2.91794,16 3.369645,28 2.277202,37 1.626439,39 1.565484,47 1.699684,58 0.660244,67 3.938055,69 3.441731,93 2.384708,113 1.544583,185 1.767252,186 3.660508,193 1.755523,227 2.078519,1000 reserves
5 2.730564,18 2.335882,24 1.026151,28 2.873509,33 2.663742,57 1.454605,67 3.938055,68 1.400981,69 1.482273,72 1.264681,78 1.413648,93 1.504583,188 1.750887,200 1.699684,874 3.782635,1000 reserves
2 1.080624,5 3.703211,15 0.586686,18 2.335882,19 1.788877,20 2.408056,24 0.647429,33 3.902312,38 3.944399,39 1.565484,47 1.699684,60 1.278568,67 5.527759,72 2.936499,78 2.827295,93 3.889291,102 3.78998,141 2.074822,178 2.156924,188 1.750887,191 2.693551,195 1.630311,200 3.399368,234 2.616929,243 2.735528,288 3.867387,312 2.616929,336 2.421565,462 3.280853,874 3.782635,1000 reserves
2 1.712749,5 3.083217,18 2.335882,33 3.361269,38 3.125863,57 1.454605,67 4.57194,72 2.004472,86 1.439698,93 1.504583,102 3.264511,152 2.254838,180 1.511092,181 1.258976,193 1.755523,200 3.399368,336 2.421565,364 3.147511,864 3.92656,962 4.462494,1000 reserves
5 2.258416,16 2.670381,24 0.647429,28 1.436755,33 1.680634,38 1.9722,67 3.938055,181 1.99543,191 2.693551,243 1.725926,264 4.760517,269 2.082236,1000 reserves
2 2.161249,5 3.083217,14 1.616852,16 3.912037,24 1.942287,28 2.277202,31 1.899806,33 2.663742,35 1.500676,36 2.299254,39 3.130968,67 3.120835,68 1.400981,72 1.264681,90 2.728486,102 2.587064,109 3.072115,123 2.421565,157 3.907708,181 3.776929,182 2.374554,191 6.962728,227 2.078519,234 2.616929,257 2.031933,264 7.140776,271 4.122478,303 4.709976,312 2.616929,376 5.045038,527 3.473293,865 3.130395,1000 reserves
2 1.080624,5 2.91794,16 1.684823,18 2.335882,28 1.436755,33 1.680634,67 1.969027,69 1.482273,80 2.259635,93 3.009166,182 3.763578,200 1.699684,244 1.728158,274 2.250074,1000 reserves
2 1.080624,5 2.258416,20 2.408056,28 1.436755,52 2.354329,58 0.660244,67 3.938055,69 1.482273,72 2.004472,78 1.413648,93 2.384708,102 1.632256,103 2.049482,105 1.636552,116 2.173729,147 2.060229,188 1.750887,259 3.066994,373 2.779707,1000 reserves
2 2.161249,5 3.486902,18 2.335882,24 1.817563,28 2.277202,33 1.680634,39 1.565484,58 1.320487,67 1.969027,69 4.446819,72 1.264681,78 1.413648,90 1.721483,93 2.384708,102 2.587064,161 2.008088,182 2.374554,206 2.289135,344 6.101271,376 3.183065,953 10.017226,1000 reserves
0 1.966986,2 2.161249,5 2.91794,14 2.562649,23 1.622588,24 1.503284,25 2.970833,27 1.430905,37 1.626439,38 1.9722,47 1.699684,54 2.927411,58 0.660244,60 1.278568,61 2.40951,67 3.938055,70 2.361846,83 2.108825,92 1.501352,105 2.115213,107 2.25417,112 1.806175,115 1.145021,127 2.30437,133 1.360355,141 2.074822,152 3.573834,188 1.750887,193 2.782438,207 2.329641,218 1.86626,223 1.284437,231 1.691153,243 1.725926,244 1.728158,248 2.001423,336 2.421565,343 3.006843,722 3.982041,723 2.693551,1000 reserves
2 1.080624,5 1.945293,32 1.858121,67 1.969027,69 2.349347,72 1.264681,93 1.504583,102 1.632256,105 0.818276,1000 reserves
2 1.080624,5 1.945293,32 1.858121,58 0.660244,67 1.969027,72 1.264681,93 1.504583,102 1.632256,105 1.296937,113 1.544583,1000 reserves
2 2.161249,5 3.231062,18 2.335882,24 0.647429,39 3.130968,58 1.046461,67 3.938055,72 1.264681,78 1.413648,93 2.384708,113 2.448107,182 2.374554,227 2.078519,888 3.302182,1000 reserves
2 1.712749,5 1.945293,25 1.485417,53 2.190951,67 3.120835,69 2.349347,72 1.264681,78 1.413648,90 1.721483,93 1.504583,102 1.632256,113 1.544583,123 2.421565,143 3.198783,185 1.767252,243 1.725926,265 2.491898,1000 reserves
2 1.080624,5 1.541608,8 2.137508,15 0.586686,18 2.335882,24 0.647429,28 2.277202,29 4.120458,32 1.858121,58 0.660244,65 1.22138,67 1.969027,69 1.482273,72 1.264681,93 2.384708,106 2.165276,206 2.289135,419 2.8004,564 3.446107,1000 reserves
2 1.080624,5 1.541608,8 2.137508,15 0.586686,18 2.335882,24 0.647429,28 2.277202,29 4.120458,32 1.858121,58 0.660244,65 1.22138,67 1.969027,69 1.482273,72 1.264681,93 2.384708,106 2.165276,206 2.289135,419 2.8004,564 3.446107,1000 reserves
2 2.161249,14 1.616852,15 0.586686,23 1.622588,32 3.716242,47 1.699684,72 1.264681,81 1.88283,141 4.149645,193 1.755523,312 2.616929,467 3.20155,529 3.302182,789 3.594145,1000 reserves
2 2.509132,5 3.703211,13 1.539455,16 2.670381,27 2.86181,28 1.436755,33 3.902312,43 1.88563,47 3.399368,57 1.454605,58 1.046461,67 3.938055,68 1.400981,72 2.004472,78 1.413648,83 2.108825,101 1.66413,102 2.587064,114 4.084819,185 1.767252,187 3.566283,193 4.928376,218 2.957951,227 2.078519,825 2.633239,925 3.302182,1000 reserves
2 2.161249,5 2.91794,14 1.616852,24 0.647429,28 2.277202,35 0.946821,47 1.699684,67 3.120835,69 1.482273,72 2.004472,78 2.240578,102 2.587064,141 2.074822,157 2.465489,234 5.233858,376 3.183065,694 3.501588,1000 reserves
1 2.46487,2 2.509132,5 2.730564,15 0.929876,20 3.527738,28 1.436755,33 1.680634,35 1.500676,39 2.481233,43 2.988653,46 2.274228,52 1.485417,54 2.319918,58 0.660244,67 3.938055,68 1.400981,72 2.936499,78 2.827295,92 1.501352,105 1.899978,115 1.145021,116 2.173729,123 2.421565,128 1.998115,137 2.112709,143 2.018207,154 1.852748,172 2.12449,185 1.767252,192 2.585417,201 2.702612,222 1.750887,223 1.284437,225 2.363283,257 2.031933,259 3.066994,265 2.491898,305 2.789976,372 2.667058,394 3.081447,419 2.8004,431 3.220541,461 4.811516,471 3.220541,733 2.702612,1000 reserves
1 1.682535,2 2.161249,5 2.91794,15 0.586686,35 0.946821,37 1.626439,39 1.565484,43 3.771261,46 2.274228,52 1.485417,53 2.190951,54 1.463705,58 1.046461,67 3.938055,68 2.220502,69 1.482273,72 2.004472,78 1.413648,93 1.504583,105 1.636552,113 2.448107,140 1.874495,143 3.198783,154 1.852748,172 2.12449,189 2.363283,208 1.611162,223 1.284437,231 1.691153,259 1.935058,310 2.433833,419 2.8004,431 3.220541,447 2.769588,643 3.627964,799 2.821729,1000 reserves
1 1.061562,4 1.861639,5 2.730564,28 1.436755,43 1.88563,47 1.699684,67 3.120835,72 2.936499,78 2.240578,101 2.637584,105 1.636552,112 1.806175,208 2.553632,231 1.691153,259 1.935058,423 5.016501,1000 reserves
1 1.682535,2 3.033696,5 1.945293,28 1.436755,31 1.899806,33 3.361269,39 3.634941,43 1.88563,47 1.699684,58 0.660244,60 1.278568,67 3.120835,72 3.794044,78 3.282388,105 1.296937,109 1.536058,113 1.544583,115 1.145021,123 2.421565,137 2.112709,150 1.601783,189 2.363283,241 2.730527,244 1.728158,299 2.616929,339 3.781738,383 2.649942,419 2.8004,460 3.130395,461 3.035728,471 3.220541,986 4.543238,1000 reserves
2 1.080624,5 1.945293,18 2.335882,37 1.626439,58 0.660244,67 3.120835,72 1.264681,80 2.259635,102 1.632256,105 0.818276,1000 reserves
0 1.24103,2 1.080624,5 1.541608,15 0.586686,24 0.647429,31 3.011121,39 1.565484,54 1.463705,65 1.22138,67 3.120835,70 1.490159,72 2.529362,78 2.240578,80 2.259635,92 2.379586,105 0.818276,107 1.422223,150 1.601783,185 1.767252,187 2.250074,189 2.363283,237 2.8004,240 2.810982,247 3.604567,265 2.491898,273 4.327784,289 3.897488,294 4.543238,352 4.160584,472 4.835142,577 3.531088,692 3.394739,739 3.663518,745 3.875192,965 3.302182,1000 reserves
2 1.712749,5 2.730564,16 1.684823,18 3.702285,24 2.239737,28 1.436755,31 3.799611,33 2.663742,35 0.946821,41 3.581437,67 5.089862,68 2.801961,69 2.964546,72 1.264681,78 1.413648,93 1.504583,105 2.593874,182 2.374554,185 1.767252,193 1.755523,423 5.016501,730 3.20155,962 4.462494,1000 reserves
2 2.509132,5 1.541608,16 1.684823,18 2.335882,24 2.395772,28 1.436755,31 4.910926,33 2.663742,35 1.500676,38 1.9722,41 5.24671,67 4.57194,68 3.621482,69 2.349347,72 1.264681,78 1.413648,80 2.259635,93 3.493534,105 2.83077,115 1.145021,116 2.173729,122 2.028476,152 2.254838,180 1.511092,185 1.767252,193 2.782438,200 1.699684,243 2.735528,244 1.728158,315 2.759615,336 2.421565,351 2.952451,423 5.016501,456 3.021135,516 3.220541,730 3.20155,1000 reserves