49
3 3.867602,17 2.049482,94 4.186742,108 2.902018,109 1.536058,110 2.570182,134 2.855007,150 1.601783,159 2.264465,177 2.341276,185 1.767252,196 2.021613,233 4.580482,317 3.99308,503 5.074336,1000 veg-oil
0 1.24103,3 1.377668,60 1.278568,135 3.425242,148 2.491898,293 2.264465,349 3.097382,1000 veg-oil
6 1.636161,15 0.586686,92 2.379586,106 2.165276,108 2.902018,133 2.156111,134 2.855007,174 1.950293,184 2.997585,200 1.699684,223 1.284437,229 3.16506,287 2.939494,448 3.446107,1000 veg-oil
4 1.174563,131 3.01567,209 2.675777,414 3.627964,528 3.5619,662 2.789976,1000 veg-oil
0 1.24103,6 1.636161,8 1.348617,13 1.539455,15 0.586686,24 1.67358,57 1.454605,59 3.272321,105 2.115213,108 4.599589,134 2.855007,198 2.254838,284 3.050635,407 2.866464,613 3.92656,1000 veg-oil
0 2.482059,1 1.682535,3 2.183552,108 4.599589,114 2.042409,117 2.421565,122 3.215059,134 4.525078,198 2.254838,219 2.116614,229 3.16506,244 1.728158,327 2.979113,783 4.942947,1000 veg-oil
1 2.46487,6 1.636161,25 1.485417,27 1.430905,46 2.274228,72 1.264681,94 2.64154,107 1.422223,108 2.902018,118 4.887575,131 1.902676,134 2.855007,137 2.112709,162 2.346713,172 3.367238,174 1.950293,176 2.810982,184 2.997585,190 2.40356,200 1.699684,201 4.283538,223 1.284437,231 1.691153,238 2.011445,270 2.014818,282 2.386011,356 2.616929,375 3.006843,397 2.979113,447 2.769588,795 3.782635,797 3.006843,805 3.594145,812 3.324189,814 3.06587,914 3.501588,958 4.58887,1000 veg-oil
1 1.682535,51 1.994822,94 5.283081,108 2.902018,118 4.887575,134 2.855007,160 2.346713,174 1.950293,184 4.888851,200 1.699684,223 1.284437,229 3.16506,235 2.521187,254 2.519353,269 3.300265,270 4.029636,281 1.88004,331 4.679523,390 2.789976,752 3.097382,914 3.501588,1000 veg-oil
0 2.482059,3 2.755336,22 2.028476,65 1.22138,73 2.217613,105 1.296937,122 2.028476,135 2.161087,143 2.018207,349 3.097382,422 3.346917,497 3.280853,920 2.939494,937 3.346917,1000 veg-oil
0 2.482059,108 2.902018,122 2.028476,135 2.161087,143 2.018207,158 1.88004,225 2.363283,653 2.625036,935 3.006843,1000 veg-oil
0 1.24103,8 2.137508,24 1.026151,25 2.354329,39 1.565484,56 2.294176,57 1.454605,58 1.046461,63 3.516256,65 1.935842,72 1.264681,77 2.226734,79 1.908452,94 8.373485,101 1.66413,102 1.632256,103 3.248353,105 0.818276,115 2.290042,130 1.998115,156 5.6008,181 1.258976,208 2.553632,244 1.728158,257 2.031933,270 2.014818,280 2.190951,281 1.88004,303 3.215059,307 2.855007,317 2.519353,329 3.419947,331 2.952451,359 2.821729,381 6.789478,454 3.324189,543 3.531088,698 9.29073,699 4.462494,807 3.92656,925 5.233835,1000 veg-oil
0 1.966986,3 2.183552,35 0.946821,73 4.435227,105 1.636552,108 2.902018,117 2.421565,122 2.028476,135 2.161087,143 2.018207,175 3.050635,181 1.258976,249 2.779707,257 2.031933,370 6.520321,420 3.594145,422 3.346917,501 4.042353,677 3.875192,1000 veg-oil
0 2.881582,73 3.514834,105 0.818276,108 2.902018,117 2.421565,122 3.215059,133 1.360355,135 2.161087,143 2.018207,175 3.050635,225 2.363283,249 2.779707,257 2.031933,285 1.944158,370 3.26016,420 3.594145,422 3.346917,1000 veg-oil
0 1.966986,3 3.198846,35 1.500676,73 3.514834,105 1.899978,108 2.902018,134 2.855007,135 2.161087,143 2.018207,175 4.835142,200 1.699684,281 1.88004,293 2.264465,313 5.268714,317 3.99308,420 3.594145,422 3.346917,501 6.406978,1000 veg-oil
0 1.24103,48 1.544583,73 3.514834,105 0.818276,108 2.902018,115 1.145021,117 2.421565,122 2.028476,135 2.161087,143 2.018207,175 3.050635,257 2.031933,313 3.324189,349 3.097382,370 3.26016,501 4.042353,611 4.181447,612 4.181447,1000 veg-oil
0 1.966986,3 2.755336,35 0.946821,73 3.514834,94 2.64154,105 1.296937,117 3.838089,122 2.028476,135 3.425242,143 2.018207,175 6.101271,181 1.258976,257 2.031933,293 2.264465,422 3.346917,501 6.406978,1000 veg-oil
0 2.482059,1 1.682535,3 1.377668,7 1.902676,19 1.788877,24 1.026151,37 1.626439,58 0.660244,83 2.108825,105 1.296937,175 6.101271,285 1.944158,313 3.324189,344 4.835142,366 3.240068,1000 veg-oil
0 1.24103,3 1.377668,15 0.586686,35 0.946821,73 3.514834,105 1.296937,108 2.902018,122 3.215059,135 2.161087,143 2.018207,175 3.050635,257 3.220538,303 2.028476,317 2.519353,370 7.569858,501 4.042353,1000 veg-oil
0 2.482059,1 1.682535,3 1.377668,122 2.028476,143 4.036415,144 2.505489,175 6.101271,198 2.254838,204 2.330529,207 1.46984,219 2.116614,270 2.014818,358 5.6008,479 3.220541,867 2.939494,1000 veg-oil
0 4.122611,1 2.123123,3 1.377668,22 2.028476,58 1.533038,63 1.514369,69 1.482273,122 3.215059,143 4.036415,144 2.505489,170 4.658988,175 9.670285,181 1.258976,186 2.309523,195 1.630311,198 2.254838,200 1.699684,313 3.324189,358 8.4012,479 3.220541,501 4.042353,677 3.875192,1000 veg-oil
0 1.966986,3 1.377668,22 3.215059,24 0.647429,92 1.501352,135 2.161087,148 3.949565,175 4.835142,358 2.8004,767 4.042353,1000 veg-oil
0 2.881582,1 1.061562,2 1.080624,3 2.183552,22 2.028476,27 1.430905,37 1.626439,39 1.565484,65 1.22138,70 2.361846,92 2.379586,108 4.599589,118 5.441253,128 1.998115,134 2.855007,143 2.018207,174 3.091141,175 6.101271,185 2.801028,188 1.750887,198 2.254838,200 1.699684,204 2.330529,223 1.284437,270 2.014818,340 3.097382,358 6.502327,407 2.866464,479 5.104437,557 6.789478,659 3.20155,1000 veg-oil
0 3.933971,1 1.061562,2 1.080624,3 2.755336,22 2.028476,24 0.647429,27 1.430905,37 1.626439,39 1.565484,79 1.908452,92 1.501352,122 3.215059,130 1.998115,143 4.036415,144 5.010979,175 9.151906,185 2.801028,204 2.330529,207 2.329641,219 2.116614,344 3.050635,358 7.238929,479 3.220541,1000 veg-oil
0 2.482059,3 4.367104,6 1.636161,15 0.586686,22 2.028476,24 2.239737,25 1.485417,27 2.86181,58 0.660244,60 1.278568,63 1.514369,65 1.22138,68 2.801961,130 3.996229,140 1.874495,175 6.101271,184 1.891266,358 4.438529,479 3.220541,898 3.875192,1000 veg-oil
6 2.593253,51 3.161718,70 2.361846,72 2.004472,94 6.133467,108 2.902018,118 5.909381,134 2.855007,154 1.852748,162 2.346713,174 1.950293,184 5.673797,188 1.750887,190 4.80712,200 1.699684,201 2.702612,204 2.330529,205 1.88283,229 3.16506,231 1.691153,270 2.014818,281 2.979793,346 2.44005,368 3.130395,427 3.16506,508 3.446107,898 3.875192,1000 veg-oil
0 1.966986,22 2.028476,25 2.970833,28 1.436755,73 5.149139,133 2.156111,175 6.101271,953 10.87904,1000 veg-oil
0 2.482059,3 3.198846,22 2.028476,58 0.660244,63 1.514369,69 4.446819,93 3.493534,102 3.264511,175 6.101271,185 1.767252,313 3.324189,1000 veg-oil
0 1.24103,3 2.183552,58 0.660244,69 3.441731,93 2.384708,102 1.632256,130 1.998115,175 6.101271,186 3.660508,313 3.324189,1000 veg-oil
0 1.24103,1 1.061562,6 1.636161,15 0.586686,22 2.028476,46 3.604567,49 2.284131,59 2.593253,63 1.514369,108 2.902018,134 4.525078,154 1.852748,207 1.46984,223 1.284437,349 3.097382,420 3.594145,739 3.663518,902 3.081447,1000 veg-oil
6 1.636161,33 1.680634,70 1.490159,73 2.217613,92 1.501352,108 2.902018,109 1.536058,118 5.441253,134 4.525078,160 2.346713,174 1.950293,180 1.511092,184 2.997585,200 2.693935,223 1.284437,229 3.16506,238 2.011445,274 2.250074,282 4.772022,1000 veg-oil
0 2.881582,2 1.080624,3 2.183552,58 1.046461,103 2.049482,107 1.422223,108 2.902018,143 3.198783,175 4.835142,181 1.258976,273 2.730527,294 2.866464,344 3.050635,349 3.097382,358 2.8004,611 4.181447,612 4.181447,1000 veg-oil
0 1.966986,3 1.377668,115 1.145021,117 2.421565,122 2.028476,175 4.835142,349 3.097382,611 4.181447,612 4.181447,1000 veg-oil
0 1.24103,3 1.377668,122 2.028476,135 2.161087,143 2.018207,175 3.050635,317 2.519353,349 3.097382,611 4.181447,612 4.181447,1000 veg-oil
2 1.080624,3 1.377668,122 2.028476,135 3.425242,175 3.050635,249 2.779707,317 2.519353,349 3.097382,501 4.042353,611 4.181447,612 4.181447,815 3.021135,1000 veg-oil
0 4.122611,3 4.576513,15 1.516562,16 2.670381,24 1.503284,25 2.354329,27 2.267931,37 1.626439,58 1.980731,63 3.028738,68 2.220502,70 2.361846,93 1.504583,101 1.66413,113 3.089167,130 3.166937,140 2.971004,175 6.101271,207 4.126361,208 1.611162,243 2.735528,259 1.935058,313 6.648377,344 8.564216,358 4.438529,479 9.661624,583 3.663518,638 2.711793,658 4.181447,802 3.324189,872 6.855378,916 2.570182,1000 veg-oil
3 1.377668,73 2.217613,105 0.818276,117 2.421565,122 2.028476,135 2.161087,143 2.018207,175 3.050635,257 2.031933,273 2.730527,294 2.866464,349 3.097382,497 3.280853,501 4.042353,611 4.181447,612 4.181447,1000 veg-oil
0 1.24103,6 1.636161,94 2.64154,154 1.852748,162 2.346713,174 1.950293,184 3.782531,200 1.699684,201 2.702612,205 1.88283,368 4.961559,427 3.16506,1000 veg-oil
0 1.966986,6 1.636161,7 3.01567,24 2.052302,59 2.593253,105 2.297192,108 4.599589,198 2.254838,284 3.050635,309 3.021135,503 5.074336,780 3.473293,1000 veg-oil
1 1.061562,6 1.636161,46 2.274228,51 3.161718,94 6.133467,107 1.422223,108 2.902018,115 1.145021,118 4.887575,134 2.855007,154 2.936535,156 2.8004,174 1.950293,184 5.309454,190 2.40356,199 2.357715,205 1.88283,223 1.284437,229 3.16506,235 1.590692,238 2.011445,269 2.082236,270 3.193411,281 2.979793,314 3.386234,368 3.130395,407 2.866464,427 3.16506,460 4.961559,653 2.625036,698 7.18829,727 3.594145,993 3.82737,1000 veg-oil
0 1.966986,1 1.682535,3 2.755336,6 1.636161,25 1.485417,59 1.636161,70 2.361846,82 4.843129,86 3.342875,108 4.599589,115 1.145021,158 2.979793,168 2.071145,195 1.630311,231 2.680414,235 1.590692,252 2.979113,553 3.5619,1000 veg-oil
0 1.24103,6 1.636161,7 3.01567,24 1.67358,27 1.430905,58 0.660244,59 2.593253,105 2.115213,108 4.599589,134 2.855007,198 2.254838,284 3.050635,331 4.679523,363 3.790931,780 3.473293,1000 veg-oil
1 3.184685,86 1.439698,108 6.738276,109 3.072115,115 1.145021,118 4.887575,133 1.360355,134 6.62912,150 1.601783,154 1.852748,160 2.346713,174 1.950293,180 3.022183,184 3.782531,200 2.693935,201 2.702612,205 1.88283,229 3.16506,231 1.691153,232 2.148672,356 4.147734,375 3.006843,397 2.979113,460 3.130395,723 2.693551,915 7.18829,1000 veg-oil
0 4.122611,6 1.636161,15 0.929876,24 2.052302,35 0.946821,37 2.577845,51 1.994822,58 1.046461,59 2.593253,93 2.384708,94 6.133467,105 0.818276,106 3.431881,108 5.804035,113 2.448107,134 9.484127,138 2.391811,149 5.283081,172 2.12449,175 11.918498,185 1.767252,205 1.88283,210 2.555275,229 6.33012,232 2.148672,270 2.014818,278 5.958227,281 1.88004,313 6.648377,314 2.136476,402 3.26016,543 3.531088,773 3.663518,1000 veg-oil
1 1.061562,35 0.946821,46 2.274228,107 1.422223,108 2.902018,109 1.536058,134 2.855007,150 1.601783,174 3.091141,184 2.997585,200 3.399368,201 2.702612,229 3.16506,314 2.136476,346 2.44005,821 3.097382,1000 veg-oil
0 1.24103,22 2.028476,24 1.67358,63 3.028738,69 2.964546,93 1.504583,94 2.64154,108 2.902018,113 1.544583,134 4.525078,154 2.936535,186 2.309523,229 3.16506,244 1.728158,349 3.097382,891 5.223994,1000 veg-oil
3 2.755336,27 1.430905,58 0.660244,94 4.186742,113 2.448107,156 2.8004,181 3.776929,185 1.767252,270 3.193411,290 2.505489,543 8.198933,698 3.594145,888 5.233835,1000 veg-oil
6 1.636161,33 1.680634,73 2.217613,82 2.421565,92 1.501352,108 4.599589,109 1.536058,118 4.209928,134 5.710013,160 2.346713,172 2.12449,174 3.091141,180 2.395023,184 2.997585,200 2.693935,229 5.016501,274 2.250074,282 2.386011,1000 veg-oil
1 2.744097,5 0.972647,6 1.636161,25 1.485417,35 0.946821,94 4.186742,105 0.818276,108 5.804035,115 1.145021,118 4.887575,131 1.902676,133 2.156111,134 5.710013,154 1.852748,156 4.438529,162 2.346713,172 2.12449,174 1.950293,176 2.810982,184 4.888851,190 2.40356,200 3.399368,229 3.16506,270 2.014818,281 2.979793,282 2.386011,304 2.667058,356 4.147734,375 7.772576,397 2.979113,447 2.769588,526 3.16506,662 2.789976,678 2.889963,827 3.130395,1000 veg-oil
1 1.061562,17 2.049482,27 1.430905,108 2.902018,109 1.536058,118 4.209928,134 4.525078,150 1.601783,154 1.852748,156 2.8004,164 2.082236,172 2.12449,174 1.950293,176 2.810982,184 3.782531,200 1.699684,201 4.283538,270 2.014818,282 2.386011,314 3.386234,331 2.952451,356 2.616929,375 6.013686,397 2.979113,460 3.130395,744 3.021135,1000 veg-oil