290
17 2.049482,115 1.145021,383 2.649942,732 3.394739,1000 grain
6 1.636161,7 1.902676,8 2.137508,35 0.946821,51 1.994822,56 2.294176,58 0.660244,61 3.818982,105 0.818276,156 4.438529,160 7.795611,162 2.346713,205 1.88283,207 1.46984,227 2.078519,281 1.88004,291 2.30437,307 2.855007,323 2.585417,368 4.961559,377 2.779707,381 3.394739,526 3.16506,638 2.711793,1000 grain
3 1.377668,6 2.593253,7 3.805351,24 0.647429,35 0.946821,58 1.046461,63 1.514369,177 2.341276,196 2.021613,207 2.939679,227 2.078519,331 2.952451,583 3.663518,664 3.446107,1000 grain
3 4.133003,7 3.01567,15 1.173373,17 8.19793,24 1.942287,37 3.252878,49 2.284131,53 2.190951,56 7.272367,58 1.046461,82 3.838089,113 1.544583,143 4.036415,171 2.577758,173 2.740088,174 1.950293,177 8.393387,186 2.309523,196 4.043227,200 1.699684,207 1.46984,232 2.148672,243 3.451852,257 3.220538,259 3.066994,295 2.965654,307 9.050157,325 4.765733,363 2.391811,377 7.185439,383 4.200059,410 5.104437,454 5.268714,486 6.403099,509 5.505038,568 5.549886,578 3.663518,664 3.446107,725 3.370416,827 4.961559,847 3.370416,1000 grain
3 2.183552,4 1.861639,7 4.918345,17 3.248353,24 1.026151,25 1.485417,53 2.190951,56 3.636183,58 0.660244,65 1.22138,117 2.421565,158 3.760081,173 5.480176,177 4.682552,196 3.204182,198 3.573834,285 3.081418,307 6.62912,377 4.405732,383 2.649942,410 3.220541,486 3.20155,507 4.883978,509 5.505038,517 9.604649,827 3.130395,927 3.501588,990 3.531088,1000 grain
3 1.377668,6 2.593253,27 2.267931,52 1.485417,56 2.294176,58 0.660244,63 1.514369,92 1.501352,140 1.874495,143 3.198783,159 5.853558,177 2.341276,196 2.021613,233 7.470445,257 2.031933,259 1.935058,295 2.965654,377 2.779707,454 3.324189,664 8.908057,842 3.081447,1000 grain
3 2.183552,7 3.01567,17 2.049482,25 1.485417,58 1.046461,94 4.186742,181 2.517953,185 3.534503,233 4.580482,317 2.519353,325 3.006843,413 5.304738,1000 grain
1 1.061562,3 4.938887,15 2.29212,17 2.049482,24 2.798142,58 1.320487,63 3.914587,94 5.283081,113 3.089167,156 2.8004,173 5.480176,181 3.99086,185 2.801028,233 7.470445,259 4.493065,278 5.958227,295 12.122,318 9.818469,383 2.649942,413 7.7713,433 2.843736,440 2.914286,443 11.917092,486 3.20155,567 5.645478,578 5.806538,756 4.743541,801 3.346917,872 2.952451,916 4.073642,932 8.978331,1000 grain
1 1.061562,3 5.097977,15 2.170998,17 4.098965,24 2.843714,39 1.565484,51 1.994822,56 5.93036,58 0.660244,63 4.543107,93 1.504583,94 5.283081,140 5.262373,156 2.8004,171 7.733273,173 4.342937,181 3.254406,233 6.710285,256 2.491898,259 5.432394,278 5.958227,295 5.931308,318 9.818469,383 4.200059,413 6.693834,433 7.35095,440 2.914286,530 3.240068,567 7.1238,578 3.663518,592 3.782635,756 7.518335,838 3.92656,867 2.939494,932 9.750765,1000 grain
7 1.902676,24 2.150713,49 2.284131,101 1.66413,105 2.297192,117 2.421565,154 2.936535,190 2.40356,236 2.855007,257 3.220538,584 3.700994,759 11.179003,876 3.982041,1000 grain
24 0.647429,25 1.485417,117 2.421565,169 2.346713,190 2.40356,198 2.254838,236 4.525078,284 3.050635,584 3.700994,759 3.982041,876 3.982041,1000 grain
7 1.902676,49 3.620261,77 5.170316,79 1.908452,133 1.360355,190 2.40356,198 3.573834,274 2.250074,357 2.693551,381 3.394739,413 3.346917,453 3.370416,584 3.700994,601 3.82737,876 3.982041,1000 grain
3 2.755336,6 1.636161,7 5.708027,15 0.586686,17 2.049482,24 1.67358,25 3.44903,27 1.430905,56 2.294176,58 0.660244,59 4.229414,63 1.514369,65 1.935842,73 2.217613,105 1.296937,133 2.72071,162 3.719452,173 2.740088,190 2.40356,195 1.630311,207 2.329641,243 1.725926,325 3.006843,339 2.386011,454 3.324189,497 3.280853,775 2.855007,971 3.594145,1000 grain
3 2.183552,7 5.341486,11 1.917208,15 0.586686,24 1.67358,56 4.588353,58 1.046461,63 2.400218,109 1.536058,140 2.971004,162 2.346713,171 2.577758,173 5.480176,187 2.250074,208 1.611162,243 2.735528,278 4.721783,303 2.028476,318 4.909234,319 2.533499,433 2.843736,508 3.446107,567 3.5619,583 5.806538,601 3.82737,793 5.480176,847 3.370416,872 4.679523,1000 grain
3 2.183552,7 3.805351,24 0.647429,52 1.485417,58 0.660244,81 1.88283,107 2.25417,112 1.806175,1000 grain
3 3.56122,7 3.805351,24 1.67358,28 1.436755,52 1.485417,58 1.046461,69 3.441731,93 1.504583,177 2.341276,196 2.021613,237 2.8004,317 5.038706,339 2.386011,1000 grain
7 6.320552,17 4.758751,25 1.485417,30 1.611162,35 0.946821,54 1.463705,89 2.368895,90 1.721483,97 1.746281,105 1.296937,109 2.434594,113 1.544583,117 2.421565,148 4.983796,317 2.519353,323 2.585417,325 3.006843,367 3.097382,412 6.655723,428 2.878114,439 3.419947,442 2.789976,482 5.341982,675 3.324189,800 4.263088,884 3.982041,920 7.598482,1000 grain
1 1.061562,3 4.133003,7 5.341486,15 0.586686,17 3.248353,24 2.052302,25 2.354329,56 5.93036,58 1.046461,69 1.482273,73 3.514834,110 2.570182,133 1.360355,162 2.346713,168 2.071145,171 4.085649,177 2.341276,190 2.40356,196 2.021613,237 2.8004,259 1.935058,295 2.965654,331 5.904901,337 2.512387,339 2.386011,407 2.866464,788 3.501588,842 3.081447,916 2.570182,920 2.939494,1000 grain
3 1.377668,7 1.902676,25 1.485417,135 2.161087,422 3.346917,458 3.050635,1000 grain
1 1.061562,3 2.755336,7 3.01567,8 2.137508,17 2.049482,73 2.217613,81 3.765659,105 1.296937,109 1.536058,118 2.104964,150 1.601783,181 1.258976,257 2.031933,331 2.952451,422 3.346917,1000 grain
6 1.636161,24 1.294858,49 4.568261,51 3.161718,57 1.454605,59 1.636161,63 2.400218,82 7.264694,94 2.64154,105 0.818276,162 2.346713,168 4.80905,190 2.40356,266 2.446323,341 2.939494,403 4.312836,436 7.569858,584 9.566931,741 4.181447,805 3.594145,876 3.982041,1000 grain
7 3.01567,135 3.425242,159 2.264465,253 2.721097,1000 grain
3 3.198846,6 3.272321,15 0.586686,17 2.049482,24 1.294858,37 1.626439,56 4.588353,58 1.320487,92 1.501352,101 1.66413,159 3.589093,233 7.470445,253 2.721097,259 3.066994,295 2.965654,388 3.050635,863 2.866464,1000 grain
6 1.636161,7 1.902676,24 1.026151,56 2.294176,211 3.006843,318 3.097382,372 2.667058,414 3.627964,443 3.324189,1000 grain
1 1.061562,27 1.430905,37 1.626439,49 5.904392,70 1.490159,115 1.145021,162 3.719452,207 1.46984,278 2.979113,305 2.789976,317 2.519353,331 2.952451,356 2.616929,375 6.981673,397 2.979113,752 3.097382,1000 grain
15 0.929876,27 2.267931,35 1.500676,37 3.252878,49 5.904392,51 3.161718,86 1.439698,88 2.386011,101 1.66413,105 0.818276,160 2.346713,181 1.258976,200 1.699684,278 2.979113,381 3.394739,725 3.370416,1000 grain
1 1.061562,37 1.626439,49 4.568261,51 1.994822,58 0.660244,59 1.636161,63 1.514369,65 1.22138,88 2.386011,115 1.145021,132 2.478568,143 2.018207,270 2.014818,278 2.979113,281 1.88004,381 3.394739,553 3.5619,1000 grain
5 0.972647,7 4.918345,15 0.929876,17 4.098965,31 1.899806,54 1.463705,56 4.588353,58 1.533038,65 3.428847,90 3.997159,92 1.501352,133 2.156111,160 2.346713,162 6.066164,168 2.071145,189 2.363283,190 2.40356,195 2.583982,207 1.46984,208 2.553632,211 3.006843,243 1.725926,278 2.979113,310 3.857534,601 3.82737,1000 grain
3 1.377668,7 3.805351,27 1.430905,58 0.660244,107 1.422223,131 3.01567,181 1.258976,293 2.264465,668 3.700994,987 2.427672,1000 grain
1 1.061562,4 1.174563,6 1.636161,7 1.902676,15 0.586686,17 4.758751,25 2.970833,35 0.946821,58 0.660244,84 2.152786,113 1.544583,156 2.8004,168 4.14229,195 1.630311,198 2.254838,207 1.46984,222 1.750887,272 1.981805,303 2.028476,442 4.422008,528 5.645478,842 3.081447,1000 grain
1 1.061562,7 1.902676,18 2.335882,30 1.611162,31 3.011121,35 0.946821,49 2.284131,58 1.706705,72 1.264681,78 4.240943,80 2.259635,94 2.64154,122 2.028476,136 2.702612,154 1.852748,156 2.8004,180 1.511092,190 3.809552,195 3.260623,198 3.573834,248 2.001423,325 7.772576,389 2.633239,435 2.914286,454 3.324189,466 3.531088,640 3.594145,675 3.324189,842 3.081447,914 3.501588,1000 grain
0 1.966986,1 1.061562,7 1.902676,8 1.348617,15 1.362244,28 1.436755,31 1.899806,35 0.946821,49 3.620261,57 1.454605,58 1.046461,69 1.482273,78 2.240578,94 5.283081,136 2.702612,190 2.40356,389 2.633239,601 6.066238,888 3.302182,1000 grain
1 1.682535,17 2.049482,24 0.647429,49 5.303587,56 5.326912,57 1.454605,58 0.660244,63 1.514369,65 1.935842,82 2.421565,94 4.186742,122 4.056953,133 2.156111,156 8.4012,162 7.438903,168 3.282687,195 1.630311,256 2.491898,325 3.006843,353 2.711793,357 2.693551,436 5.167232,443 3.324189,503 6.403099,568 3.501588,583 3.663518,601 7.65474,907 3.663518,1000 grain
1 1.061562,6 1.636161,17 3.248353,24 0.647429,32 1.858121,49 4.568261,56 3.636183,59 1.636161,63 1.514369,65 1.935842,82 3.838089,94 2.64154,105 0.818276,122 3.215059,160 2.346713,162 3.719452,168 4.80905,181 1.258976,185 1.767252,266 2.446323,341 2.939494,403 2.721097,436 3.26016,584 5.865937,1000 grain
3 2.183552,6 1.636161,7 3.805351,25 2.354329,59 3.272321,73 2.217613,105 0.818276,117 2.421565,168 2.071145,198 2.254838,225 2.363283,252 2.979113,284 4.835142,357 2.693551,403 2.721097,1000 grain
3 2.183552,6 1.636161,25 2.354329,59 3.272321,73 2.217613,105 0.818276,109 1.536058,117 2.421565,168 2.071145,198 2.254838,211 6.013686,245 2.089729,252 2.979113,280 2.190951,284 4.835142,295 2.965654,341 5.878988,357 2.693551,403 2.721097,1000 grain
3 2.183552,6 1.636161,25 2.354329,48 1.544583,59 2.593253,60 1.278568,73 2.217613,105 0.818276,117 2.421565,168 2.071145,198 2.254838,245 2.089729,252 2.979113,280 2.190951,284 4.835142,341 5.878988,357 2.693551,403 2.721097,1000 grain
3 3.198846,4 1.174563,6 1.636161,7 3.01567,25 2.354329,59 3.272321,73 2.217613,93 1.504583,105 0.818276,117 2.421565,168 2.071145,198 2.254838,237 4.438529,252 2.979113,284 4.835142,341 2.939494,357 2.693551,403 2.721097,1000 grain
3 2.183552,6 1.636161,25 1.485417,59 2.593253,73 2.217613,105 0.818276,117 2.421565,158 1.88004,168 2.071145,198 2.254838,211 6.013686,245 2.089729,252 2.979113,284 4.835142,341 4.658988,357 2.693551,403 2.721097,686 5.645478,1000 grain
6 1.636161,25 2.354329,59 2.593253,105 0.818276,168 2.071145,198 2.254838,211 6.013686,245 2.089729,252 2.979113,280 2.190951,284 4.835142,327 4.721783,329 3.419947,341 5.878988,357 2.693551,403 2.721097,528 3.5619,1000 grain
3 2.183552,6 1.636161,25 2.354329,48 1.544583,59 3.272321,60 1.278568,73 2.217613,105 0.818276,117 2.421565,168 2.071145,198 2.254838,245 2.089729,252 2.979113,280 2.190951,284 4.835142,341 5.878988,357 2.693551,403 2.721097,1000 grain
3 2.183552,4 1.174563,6 1.636161,7 3.805351,25 2.354329,59 1.636161,70 2.361846,73 2.217613,105 0.818276,117 2.421565,168 2.071145,198 2.254838,245 2.089729,252 2.979113,280 2.190951,284 4.835142,341 4.658988,357 2.693551,403 2.721097,908 4.788386,1000 grain
0 1.24103,6 1.636161,7 3.01567,24 1.294858,25 1.485417,59 1.636161,82 3.838089,105 1.636552,108 4.599589,134 2.855007,168 2.071145,198 2.254838,284 4.835142,573 3.501588,780 3.473293,1000 grain
6 1.636161,24 1.026151,49 3.620261,59 2.593253,105 1.636552,197 3.93895,198 2.254838,284 3.050635,486 5.074336,502 5.696585,1000 grain
6 1.636161,7 3.01567,24 1.817563,59 1.636161,105 1.899978,198 2.254838,236 4.525078,284 3.050635,486 5.074336,502 5.696585,780 3.473293,1000 grain
6 1.636161,7 1.902676,24 0.647429,25 1.485417,27 1.430905,59 2.593253,105 0.818276,168 3.282687,198 2.254838,284 3.050635,363 2.391811,573 3.501588,780 3.473293,1000 grain
38 1.9722,118 2.104964,181 1.258976,238 2.011445,384 5.480176,450 3.26016,867 2.939494,935 3.006843,1000 grain
1 1.061562,15 0.929876,17 2.049482,49 4.568261,78 2.240578,180 1.511092,198 2.254838,235 1.590692,458 3.050635,1000 grain
3 3.867602,6 1.636161,7 4.417876,25 1.485417,49 3.620261,59 2.593253,69 1.482273,156 4.438529,171 7.236681,181 1.258976,339 4.772022,352 2.625036,736 3.700994,793 4.342937,1000 grain
3 2.755336,6 1.636161,7 3.01567,25 1.485417,59 1.636161,168 2.071145,225 3.745714,252 2.979113,257 2.031933,293 2.264465,307 4.525078,317 2.519353,339 2.386011,458 3.050635,783 4.942947,1000 grain
3 2.183552,5 0.972647,6 1.636161,7 1.902676,15 1.647037,17 7.347318,24 1.026151,27 1.430905,37 2.577845,49 2.284131,58 1.046461,63 3.516256,102 1.632256,130 1.998115,151 2.264465,162 4.693425,173 2.740088,190 2.40356,208 1.611162,218 5.239253,231 1.691153,243 1.725926,291 2.30437,303 2.028476,339 4.772022,361 3.394739,383 2.649942,503 6.403099,875 4.942947,916 2.570182,954 4.462494,965 3.302182,1000 grain
3 1.377668,5 0.972647,17 4.098965,24 1.503284,172 2.12449,185 1.767252,259 1.935058,295 6.886035,339 3.781738,363 2.391811,365 6.403099,842 4.883978,932 3.473293,1000 grain
3 3.56122,6 3.272321,14 1.616852,15 0.586686,17 8.546188,23 1.622588,24 2.321009,27 2.86181,28 2.277202,37 4.565991,49 2.284131,54 1.463705,58 1.320487,59 1.636161,63 3.028738,65 2.835957,68 2.220502,72 2.529362,73 2.217613,78 2.827295,81 1.88283,84 4.305572,93 1.504583,101 2.637584,112 2.86272,122 2.028476,130 5.165052,160 3.719452,162 4.693425,173 2.740088,190 3.809552,207 2.329641,231 2.680414,235 2.521187,236 2.855007,243 1.725926,278 2.979113,287 2.939494,289 2.459041,292 4.097789,295 5.931308,301 3.021135,303 2.028476,318 3.097382,339 6.698379,353 2.711793,365 7.433768,433 2.843736,573 3.501588,724 3.663518,842 3.081447,915 3.594145,916 2.570182,965 3.302182,987 2.427672,1000 grain
3 2.755336,15 1.173373,17 2.049482,27 2.267931,28 2.277202,37 1.626439,54 1.463705,93 2.384708,185 3.534503,339 3.781738,1000 grain
7 3.01567,17 2.049482,24 0.647429,39 1.565484,65 1.22138,69 1.482273,102 2.587064,171 4.085649,173 2.740088,185 1.767252,236 2.855007,318 3.097382,339 5.540146,363 2.391811,377 2.779707,383 2.649942,420 3.594145,486 3.20155,567 3.5619,578 3.663518,679 2.577758,838 3.92656,847 3.370416,1000 grain
6 1.636161,7 1.902676,24 0.647429,56 2.294176,58 0.660244,81 1.88283,162 2.346713,307 2.855007,318 3.097382,339 5.540146,363 2.391811,377 2.779707,486 3.20155,1000 grain
1 1.061562,3 2.183552,7 3.805351,73 2.217613,105 0.818276,117 3.838089,135 2.161087,194 4.70045,257 2.031933,422 3.346917,458 3.050635,1000 grain
6 3.272321,7 1.902676,25 1.485417,59 1.636161,72 2.004472,82 2.421565,158 1.88004,164 3.300265,168 2.071145,177 4.682552,181 1.258976,190 2.40356,196 4.043227,205 2.984214,252 2.979113,291 2.30437,314 3.386234,339 2.386011,368 3.130395,507 4.883978,1000 grain
5 2.258416,6 3.272321,8 1.348617,15 1.173373,17 2.049482,19 1.788877,24 1.294858,35 0.946821,48 1.544583,49 4.568261,54 1.463705,56 2.294176,58 1.046461,59 3.272321,65 1.935842,82 7.264694,90 2.728486,93 1.504583,105 2.115213,113 1.544583,114 2.042409,133 2.156111,160 2.346713,162 2.346713,164 2.082236,168 3.282687,181 1.99543,187 2.250074,198 4.509677,205 1.88283,208 1.611162,213 5.804171,225 2.363283,232 2.148672,272 3.141086,284 7.083356,291 3.65234,303 6.738453,314 4.272952,357 2.693551,381 5.380534,412 4.543238,442 2.789976,543 3.531088,729 3.220541,799 2.821729,885 4.181447,1000 grain
4 1.861639,5 0.972647,24 1.294858,49 3.620261,58 1.046461,60 1.278568,105 1.899978,193 1.755523,200 1.699684,223 2.035784,227 2.078519,245 2.089729,281 1.88004,303 2.028476,363 2.391811,975 3.370416,1000 grain
3 3.198846,6 1.636161,17 5.753625,24 2.052302,49 2.284131,54 1.463705,58 0.660244,63 1.514369,91 1.858121,120 2.40951,130 3.166937,133 1.360355,143 2.018207,172 2.12449,185 1.767252,232 2.148672,236 2.855007,259 1.935058,325 3.006843,339 4.772022,802 3.324189,916 2.570182,1000 grain
3 3.56122,6 1.636161,7 3.805351,24 1.67358,37 2.577845,56 3.636183,58 1.320487,59 1.636161,109 1.536058,113 1.544583,150 1.601783,171 4.085649,243 1.725926,256 2.491898,295 2.965654,318 3.097382,339 3.781738,365 3.20155,383 2.649942,443 5.268714,486 3.20155,748 4.042353,793 2.740088,967 4.355645,1000 grain
10 2.204154,15 0.929876,17 2.049482,58 0.660244,156 2.8004,173 2.740088,218 1.86626,236 4.525078,303 2.028476,318 3.097382,339 3.781738,365 3.20155,374 3.627964,440 4.619034,443 5.268714,567 3.5619,1000 grain
1 1.061562,4 1.861639,17 4.758751,33 3.902312,51 1.994822,70 1.490159,78 1.413648,80 2.259635,107 1.422223,114 2.042409,118 2.104964,198 4.509677,200 1.699684,222 1.750887,267 2.001423,270 3.193411,314 3.386234,331 6.855378,726 4.108417,798 2.625036,1000 grain
7 4.918345,15 0.929876,173 4.342937,177 2.341276,196 2.021613,243 1.725926,298 2.325218,307 7.380085,410 3.220541,578 7.327035,935 3.006843,1000 grain
3 3.56122,7 1.902676,17 2.049482,24 1.503284,25 2.970833,58 1.320487,69 1.482273,122 2.028476,135 2.161087,174 1.950293,200 1.699684,211 3.006843,233 4.580482,733 2.702612,1000 grain
3 4.367104,6 1.636161,10 2.204154,24 1.817563,33 1.680634,43 1.88563,58 0.660244,93 2.384708,105 0.818276,114 2.042409,118 5.441253,174 1.950293,185 1.767252,200 2.693935,250 2.245343,282 3.781738,307 2.855007,402 5.167232,450 5.167232,461 4.811516,475 3.006843,801 3.346917,885 4.181447,920 2.939494,1000 grain
3 2.755336,7 3.01567,25 3.839746,33 1.680634,73 4.435227,118 2.104964,122 3.215059,174 1.950293,200 2.693935,211 3.006843,233 2.889963,272 3.141086,331 2.952451,364 6.295022,425 5.645478,458 4.835142,920 2.939494,1000 grain
3 2.183552,24 0.647429,27 1.430905,37 2.577845,58 1.046461,70 2.361846,107 1.422223,109 1.536058,116 2.173729,118 5.909381,143 3.198783,150 1.601783,178 2.156924,184 2.997585,190 2.40356,233 5.779925,285 1.944158,413 6.693834,694 3.501588,837 3.16506,919 3.021135,1000 grain
3 2.183552,13 1.539455,24 0.647429,25 1.485417,35 0.946821,37 1.626439,58 0.660244,70 1.490159,81 1.88283,107 2.844445,116 2.173729,118 4.887575,135 2.161087,143 2.018207,174 1.950293,200 1.699684,233 6.710285,413 5.304738,1000 grain
3 4.133003,6 1.636161,7 6.031339,24 1.026151,25 1.485417,35 1.500676,58 1.320487,59 1.636161,63 1.514369,73 4.435227,82 2.421565,101 1.66413,105 1.899978,118 4.209928,133 2.156111,140 1.874495,143 3.198783,158 1.88004,159 3.589093,171 2.577758,174 1.950293,195 1.630311,200 1.699684,245 2.089729,253 4.312836,259 1.935058,280 2.190951,293 2.264465,325 3.006843,458 3.050635,553 3.5619,1000 grain
6 1.636161,15 0.586686,65 1.935842,69 1.482273,109 2.434594,116 3.445278,118 4.887575,133 1.360355,160 2.346713,162 2.346713,171 2.577758,174 1.950293,180 1.511092,200 2.693935,272 1.981805,282 2.386011,310 2.433833,346 2.44005,450 3.26016,723 2.693551,902 3.081447,1000 grain
37 2.577845,49 5.303587,108 2.902018,118 3.336289,134 4.525078,164 2.082236,172 2.12449,174 1.950293,176 2.810982,184 2.997585,188 1.750887,200 1.699684,272 1.981805,282 2.386011,314 4.272952,381 3.394739,427 3.16506,727 3.594145,752 3.097382,1000 grain
1 1.061562,25 1.485417,27 1.430905,33 1.680634,73 2.217613,115 1.145021,118 2.104964,200 1.699684,233 2.889963,425 5.645478,1000 grain
3 1.377668,7 1.902676,25 2.970833,35 1.500676,73 2.217613,115 1.145021,122 2.028476,135 2.161087,174 1.950293,200 1.699684,211 3.006843,272 3.141086,364 3.147511,458 3.050635,1000 grain
1 1.061562,3 1.377668,7 1.902676,25 2.970833,33 1.680634,35 1.500676,73 2.217613,174 1.950293,200 2.693935,211 3.006843,233 2.889963,331 2.952451,364 3.147511,425 3.5619,1000 grain
3 3.867602,6 1.636161,7 4.417876,35 2.447497,58 0.660244,65 1.22138,116 5.047242,180 2.395023,181 2.517953,200 1.699684,272 3.141086,331 4.679523,450 5.167232,921 4.263088,1000 grain
3 3.198846,24 1.026151,27 2.86181,58 0.660244,70 2.980317,73 3.514834,109 1.536058,115 1.145021,118 4.209928,143 2.018207,174 1.950293,178 2.156924,180 2.395023,184 4.391383,200 1.699684,204 2.330529,233 8.113151,245 2.089729,272 3.963609,364 4.988687,367 3.097382,413 3.346917,450 3.26016,517 3.20155,733 2.702612,923 4.108417,1000 grain
3 1.377668,7 3.01567,15 0.586686,24 1.026151,116 2.173729,118 2.104964,174 1.950293,200 2.693935,320 3.302182,1000 grain
1 1.061562,6 1.636161,7 4.918345,15 1.362244,56 4.588353,58 1.046461,69 2.349347,78 1.413648,89 2.368895,95 2.633239,113 1.544583,140 1.874495,162 3.719452,171 5.155515,208 1.611162,228 2.711793,235 1.590692,236 4.525078,244 1.728158,278 2.979113,337 2.512387,339 5.540146,355 4.455302,358 4.438529,365 7.433768,377 7.803625,430 3.302182,437 5.351554,479 3.220541,486 5.074336,567 11.290955,568 3.501588,578 5.806538,658 6.627437,675 3.324189,679 4.085649,797 3.006843,827 3.130395,846 3.346917,884 3.982041,919 3.021135,932 8.978331,971 3.594145,1000 grain
0 1.24103,5 0.972647,15 0.586686,16 1.684823,17 8.007104,24 1.026151,58 1.320487,65 3.66414,68 2.220502,71 2.421565,130 3.166937,133 3.158646,154 1.852748,160 3.719452,162 7.040138,173 4.342937,185 1.767252,205 1.88283,207 1.46984,214 2.173729,218 2.957951,231 1.691153,243 1.725926,244 1.728158,248 2.001423,271 2.600994,285 1.944158,288 2.44005,289 3.897488,318 3.097382,330 2.368895,331 5.904901,339 8.254241,350 4.004233,353 6.296587,680 3.627964,761 7.56527,812 3.324189,880 3.627964,1000 grain
1 1.061562,17 3.248353,25 1.485417,164 2.082236,168 2.071145,174 1.950293,177 3.710835,196 2.021613,200 1.699684,223 1.284437,231 2.680414,252 2.979113,270 2.014818,314 2.136476,331 2.952451,356 2.616929,375 6.013686,397 2.979113,690 4.58887,1000 grain
3 1.377668,7 1.902676,25 2.354329,82 2.421565,117 2.421565,133 1.360355,135 2.161087,280 2.190951,307 2.855007,341 2.939494,458 3.050635,1000 grain
3 1.377668,15 0.586686,25 1.485417,49 2.284131,77 2.226734,117 3.838089,135 2.161087,422 5.304738,542 3.594145,1000 grain
3 3.867602,24 1.294858,25 2.970833,27 1.430905,69 1.482273,70 1.490159,93 1.504583,113 1.544583,116 4.347457,118 3.336289,211 6.013686,223 1.284437,233 4.580482,450 3.26016,733 2.702612,1000 grain
6 1.636161,7 3.01567,13 1.539455,17 3.248353,32 3.716242,56 3.636183,58 0.660244,59 2.593253,82 6.259654,94 2.64154,115 1.145021,168 4.80905,180 1.511092,181 1.258976,202 2.593162,211 3.006843,270 2.014818,303 3.215059,331 2.952451,341 2.939494,413 3.346917,584 3.700994,724 3.663518,1000 grain
3 2.183552,7 3.01567,24 1.294858,27 1.430905,113 1.544583,116 2.173729,140 1.874495,245 2.089729,286 3.035728,339 2.386011,407 2.866464,1000 grain
3 3.867602,6 1.636161,24 1.294858,25 3.44903,27 1.430905,37 1.626439,51 3.161718,59 1.636161,70 1.490159,87 2.391811,118 2.104964,140 1.874495,177 3.710835,178 3.418644,196 2.021613,233 9.160965,270 3.193411,551 7.65474,1000 grain
5 0.972647,10 4.408308,24 0.647429,33 1.680634,38 1.9722,51 4.631833,63 1.514369,65 2.44276,92 3.486031,105 0.818276,115 1.145021,116 2.173729,118 5.909381,130 3.996229,160 6.588055,162 7.040138,173 2.740088,174 3.900585,190 3.809552,195 2.583982,196 4.043227,200 1.699684,204 2.330529,223 2.98237,250 2.245343,282 2.386011,365 3.20155,380 2.810982,428 2.878114,450 5.167232,463 3.419947,508 3.446107,510 3.594145,723 4.269177,793 2.740088,928 2.889963,935 3.006843,1000 grain
1 1.061562,3 4.133003,7 7.040737,15 0.586686,27 1.430905,58 0.660244,69 2.964546,95 2.633239,102 1.632256,115 1.145021,148 2.491898,177 4.682552,196 4.043227,211 4.765733,233 2.889963,273 2.730527,294 2.866464,339 4.772022,420 3.594145,450 5.167232,506 3.183065,1000 grain
3 3.56122,7 3.805351,24 0.647429,25 1.485417,58 1.046461,69 1.482273,93 1.504583,168 2.071145,185 1.767252,225 3.745714,252 2.979113,339 5.540146,407 2.866464,458 6.101271,1000 grain
1 1.061562,3 2.755336,7 3.01567,25 1.485417,33 1.680634,35 0.946821,73 2.217613,115 1.145021,118 2.104964,135 2.161087,200 1.699684,211 4.765733,233 4.580482,331 4.679523,364 4.988687,551 3.82737,1000 grain
3 3.198846,7 3.805351,73 2.217613,89 2.368895,105 0.818276,118 2.104964,122 2.028476,257 4.063867,407 2.866464,458 6.101271,1000 grain
3 4.367104,7 3.01567,15 0.586686,24 1.503284,27 2.267931,37 1.626439,53 2.190951,58 0.660244,70 2.361846,93 2.384708,102 1.632256,113 2.448107,116 2.173729,171 2.577758,174 3.091141,185 1.767252,200 1.699684,238 2.011445,257 3.220538,450 3.26016,458 4.835142,888 3.302182,1000 grain
7 3.805351,69 1.482273,138 2.391811,307 4.525078,530 3.240068,578 5.806538,996 3.370416,1000 grain
6 2.593253,15 0.586686,16 1.684823,17 3.248353,59 1.636161,82 3.838089,113 1.544583,168 5.814439,190 2.40356,213 2.067487,235 1.590692,272 1.981805,303 4.056953,314 2.136476,640 3.594145,802 3.324189,837 3.16506,886 4.355645,1000 grain
7 1.902676,17 3.248353,24 1.67358,49 2.284131,105 1.636552,133 1.360355,168 2.071145,198 3.573834,284 3.050635,543 7.062177,1000 grain
1 2.123123,5 2.730564,6 2.593253,7 1.902676,15 0.929876,17 5.297835,24 1.503284,35 0.946821,49 5.303587,56 2.294176,57 1.454605,58 1.706705,59 1.636161,63 2.400218,65 2.44276,82 2.421565,94 6.828283,109 1.536058,115 1.145021,156 6.502327,160 3.719452,162 3.719452,168 2.071145,248 3.172181,259 3.066994,288 2.44005,331 2.952451,381 3.394739,436 5.167232,443 3.324189,543 9.913018,568 3.501588,638 2.711793,737 3.5619,744 3.021135,872 5.904901,916 2.570182,1000 grain
6 1.636161,7 1.902676,17 3.248353,24 0.647429,32 1.858121,49 2.284131,59 2.593253,162 2.346713,211 3.006843,413 3.346917,543 3.531088,601 3.82737,1000 grain
6 1.636161,7 1.902676,17 3.248353,24 1.026151,32 3.716242,49 2.284131,59 1.636161,82 2.421565,153 2.471998,211 3.006843,543 3.531088,1000 grain
17 2.049482,78 1.413648,95 4.173585,1000 grain
1 1.061562,17 5.297835,32 1.858121,48 1.544583,95 2.633239,148 2.491898,528 5.645478,1000 grain
1 1.061562,3 5.382397,15 2.170998,17 2.049482,24 2.750232,51 3.161718,56 3.636183,63 4.251371,94 5.283081,132 2.478568,140 4.8455,171 7.733273,173 5.480176,181 3.534393,185 1.767252,233 5.779925,259 4.493065,278 4.721783,295 4.70045,318 6.194764,325 3.006843,377 5.559415,383 2.649942,413 6.693834,433 6.60295,486 3.20155,518 3.501588,530 3.240068,592 3.782635,756 4.743541,772 4.263088,932 11.010077,1000 grain
6 1.636161,15 1.516562,49 2.284131,58 0.660244,59 1.636161,79 1.908452,82 4.843129,109 1.536058,162 4.693425,168 6.565375,181 1.99543,190 2.40356,266 2.446323,436 5.167232,584 3.700994,876 3.982041,1000 grain
3 2.755336,6 1.636161,7 3.01567,24 1.294858,49 3.620261,59 2.593253,105 1.296937,107 2.25417,258 2.832645,285 3.081418,293 2.264465,319 2.533499,367 3.097382,384 2.740088,780 3.473293,1000 grain
5 2.514255,6 3.799047,7 3.805351,15 0.929876,17 2.049482,24 1.026151,25 1.485417,58 1.320487,65 1.22138,82 2.421565,105 2.297192,133 1.360355,156 2.8004,160 5.448898,162 2.346713,168 5.814439,173 2.740088,180 1.511092,181 1.258976,187 2.250074,192 2.585417,198 2.254838,208 4.164794,213 5.804171,252 2.979113,270 2.014818,272 5.122891,291 2.30437,303 2.028476,307 2.855007,310 3.857534,314 2.136476,331 2.952451,436 3.26016,1000 grain
1 2.46487,4 3.036202,12 2.644065,14 1.616852,15 1.173373,16 1.684823,17 6.148447,24 1.67358,25 2.970833,35 0.946821,54 1.463705,58 1.980731,61 3.818982,69 2.964546,84 2.152786,85 3.620261,97 1.746281,105 2.115213,109 1.536058,115 1.145021,119 2.217613,160 5.448898,162 3.719452,172 2.12449,180 1.511092,187 5.224511,190 2.40356,193 3.511046,195 1.630311,214 3.445278,222 2.775089,235 1.590692,244 2.739066,274 2.250074,295 2.965654,303 2.028476,325 3.006843,346 2.44005,357 2.693551,411 2.749783,441 3.20155,442 2.789976,526 3.16506,528 3.5619,641 3.419947,656 3.82737,752 3.097382,1000 grain
0 3.208015,3 4.765948,6 2.593253,7 3.01567,8 2.137508,9 2.284131,15 1.647037,22 2.028476,23 3.767533,24 2.150713,25 1.485417,27 1.430905,37 3.252878,49 2.284131,54 1.463705,58 0.660244,63 5.428956,65 1.935842,68 2.801961,81 1.88283,94 4.186742,101 1.66413,130 3.166937,140 3.74899,144 2.505489,156 5.6008,162 2.346713,173 2.740088,175 7.083356,190 3.809552,236 8.56502,243 4.007476,353 2.711793,357 4.269177,358 6.502327,372 2.667058,503 3.20155,679 2.577758,793 2.740088,798 4.160584,801 3.346917,804 3.627964,872 2.952451,950 5.865937,1000 grain
3 2.755336,6 1.636161,7 3.01567,15 1.516562,24 1.026151,37 1.626439,140 1.874495,243 1.725926,273 2.730527,294 2.866464,358 2.8004,664 3.446107,1000 grain
17 3.248353,49 2.284131,59 1.636161,115 1.145021,156 2.8004,244 1.728158,298 2.325218,335 2.386011,530 3.240068,543 3.531088,1000 grain
1 1.061562,6 1.636161,24 1.942287,49 3.620261,59 2.593253,61 2.40951,82 2.421565,105 2.297192,198 2.254838,237 4.438529,284 3.050635,325 3.006843,463 3.419947,508 5.46195,1000 grain
3 2.183552,7 1.902676,35 0.946821,56 2.294176,57 1.454605,58 0.660244,103 2.049482,122 4.056953,149 2.64154,195 1.630311,317 2.519353,677 3.875192,1000 grain
3 2.755336,17 2.049482,24 0.647429,37 1.626439,63 1.514369,101 1.66413,113 1.544583,130 3.996229,208 1.611162,231 1.691153,233 4.580482,244 1.728158,259 1.935058,355 2.810982,498 3.700994,1000 grain
1 2.123123,3 4.133003,7 7.040737,15 0.586686,17 5.753625,24 2.699731,35 0.946821,37 1.626439,56 3.636183,58 1.533038,60 1.278568,63 3.516256,65 1.22138,68 2.801961,70 1.490159,73 2.217613,113 1.544583,118 2.104964,130 4.639479,140 2.971004,171 6.663407,172 2.12449,173 2.740088,174 1.950293,177 4.682552,196 2.021613,200 1.699684,207 4.409519,211 3.006843,225 2.363283,233 5.779925,243 1.725926,259 3.870116,318 3.097382,330 2.368895,363 2.391811,377 2.779707,383 2.649942,436 3.26016,440 2.914286,530 3.240068,592 10.6192,793 4.342937,799 4.472335,872 2.952451,910 3.473293,1000 grain
6 2.593253,7 6.821021,15 0.929876,20 1.519314,25 3.44903,28 1.436755,33 3.902312,51 3.989644,60 1.278568,63 3.914587,64 2.8004,65 4.057337,68 1.400981,70 2.980317,91 1.858121,101 1.66413,102 1.632256,105 0.818276,109 1.536058,116 3.445278,118 3.336289,127 2.30437,130 1.998115,133 2.72071,150 1.601783,158 1.88004,160 3.719452,172 2.12449,173 2.740088,187 2.250074,200 1.699684,207 2.329641,208 2.553632,225 3.745714,227 2.078519,231 2.680414,317 2.519353,339 2.386011,364 3.147511,442 2.789976,454 3.324189,461 6.071457,639 4.108417,664 8.001612,676 3.501588,679 2.577758,711 5.223994,851 3.782635,855 3.875192,872 2.952451,884 3.982041,971 3.594145,1000 grain
3 2.183552,6 1.636161,15 0.586686,17 4.098965,24 1.503284,56 2.294176,59 1.636161,102 1.632256,137 2.112709,173 4.342937,177 3.710835,181 1.258976,185 1.767252,196 2.021613,243 1.725926,295 2.965654,307 6.62912,318 4.909234,440 2.914286,578 5.806538,1000 grain
3 1.377668,6 1.636161,7 3.01567,24 0.647429,59 1.636161,105 0.818276,107 1.422223,258 2.832645,285 1.944158,293 2.264465,367 3.097382,384 2.740088,780 3.473293,1000 grain
3 5.24527,6 1.636161,7 5.708027,15 1.516562,17 3.248353,49 6.852392,59 1.636161,73 2.217613,77 8.239894,82 2.421565,105 3.027981,117 2.421565,135 2.161087,141 2.074822,181 1.258976,225 2.363283,236 4.525078,245 2.089729,257 2.031933,293 2.264465,307 2.855007,317 2.519353,367 3.097382,370 3.26016,458 3.050635,528 7.1238,542 5.696585,748 4.042353,1000 grain
1 1.061562,3 3.198846,13 2.439979,15 0.586686,24 1.026151,25 1.485417,35 0.946821,49 5.303587,81 1.88283,112 2.86272,117 4.843129,133 1.360355,140 1.874495,171 2.577758,177 3.710835,181 1.258976,196 3.204182,207 1.46984,243 1.725926,257 2.031933,331 2.952451,497 5.200029,664 5.46195,842 3.081447,941 4.042353,960 3.663518,1000 grain
4 1.174563,6 2.593253,48 1.544583,49 2.284131,52 1.485417,60 1.278568,84 2.152786,94 2.64154,112 4.668896,158 1.88004,160 3.719452,162 4.693425,190 2.40356,222 1.750887,236 2.855007,245 2.089729,250 2.245343,281 1.88004,395 4.03839,1000 grain
1 1.682535,6 3.799047,15 0.929876,17 2.049482,35 0.946821,37 2.577845,46 2.274228,52 4.170091,58 0.660244,62 2.152786,65 2.44276,72 1.264681,101 2.637584,107 1.422223,112 1.806175,131 1.902676,144 2.505489,147 2.060229,154 2.936535,160 4.693425,162 2.346713,176 2.810982,185 1.767252,190 4.80712,192 2.585417,197 2.485201,207 1.46984,235 1.590692,447 2.769588,535 3.302182,957 3.370416,1000 grain
3 1.377668,7 4.417876,25 2.354329,73 3.514834,82 2.421565,105 1.636552,115 1.814816,117 2.421565,135 2.161087,280 2.190951,307 2.855007,341 2.939494,458 6.101271,1000 grain
3 3.867602,24 2.150713,58 0.660244,130 1.998115,173 2.740088,236 5.710013,295 2.965654,318 3.097382,568 3.501588,1000 grain
1 1.682535,7 6.031339,16 1.684823,23 1.622588,57 2.305494,78 3.282388,90 1.721483,114 2.042409,198 2.254838,381 3.394739,529 8.536017,797 3.006843,807 3.92656,816 4.961559,1000 grain
6 1.636161,7 3.01567,25 1.485417,158 1.88004,164 3.300265,168 2.071145,177 2.341276,196 2.021613,205 1.88283,235 1.590692,252 2.979113,272 1.981805,314 3.386234,507 4.883978,553 3.5619,649 2.693551,1000 grain
3 4.576513,7 3.805351,17 2.049482,24 0.647429,58 0.660244,113 1.544583,116 2.173729,190 2.40356,211 4.765733,269 2.082236,307 2.855007,331 2.952451,403 4.312836,842 3.081447,920 4.658988,1000 grain
7 3.805351,105 1.296937,211 3.006843,228 2.711793,327 2.979113,367 6.194764,482 3.370416,1000 grain
7 1.902676,15 2.170998,43 1.88563,49 2.284131,56 2.294176,58 1.320487,82 2.421565,307 2.855007,443 3.324189,542 3.594145,599 5.995335,1000 grain
6 1.636161,17 2.049482,49 5.303587,59 1.636161,65 3.157222,77 7.058579,82 6.798191,88 2.386011,109 1.536058,133 2.72071,198 2.254838,235 1.590692,243 1.725926,288 3.867387,326 6.366129,468 3.473293,794 4.58887,857 3.663518,1000 grain
1 1.682535,6 1.636161,8 1.348617,17 5.297835,24 1.026151,30 2.553632,35 1.893643,37 1.626439,58 1.533038,59 2.593253,63 3.028738,65 2.44276,70 1.490159,82 5.622699,101 3.86399,109 1.536058,130 1.998115,143 2.018207,149 2.64154,150 1.601783,154 1.852748,174 1.950293,195 1.630311,200 1.699684,207 2.939679,225 2.363283,236 9.050157,243 2.735528,259 1.935058,325 3.006843,339 2.386011,353 2.711793,436 6.520321,461 3.035728,592 3.782635,872 2.952451,916 2.570182,957 5.341982,1000 grain
1 1.682535,6 1.636161,17 2.049482,27 1.430905,37 2.577845,49 6.852392,51 1.994822,63 1.514369,115 1.145021,131 1.902676,205 1.88283,278 2.979113,368 7.268553,381 3.394739,447 2.769588,592 3.782635,930 3.220541,1000 grain
6 1.636161,7 3.805351,25 1.485417,82 2.421565,109 1.536058,115 1.814816,150 1.601783,158 3.760081,160 2.346713,177 3.710835,196 3.204182,205 1.88283,252 2.979113,314 2.136476,368 6.26079,410 3.220541,517 3.20155,553 3.5619,1000 grain
6 3.272321,7 4.417876,17 4.098965,25 1.485417,48 1.544583,78 1.413648,82 2.421565,86 2.281867,115 1.145021,158 4.859834,160 2.346713,164 2.082236,168 2.071145,172 4.932914,177 3.710835,180 3.508646,196 4.043227,197 2.485201,205 3.765659,223 2.035784,235 1.590692,252 2.979113,270 2.014818,272 1.981805,278 2.979113,314 2.136476,356 2.616929,368 10.398948,507 3.081447,509 5.505038,528 3.5619,553 3.5619,798 2.625036,883 3.473293,990 3.531088,1000 grain
6 2.593253,7 6.031339,25 1.485417,27 1.430905,35 0.946821,59 1.636161,65 1.22138,133 2.72071,158 4.365318,164 2.082236,168 2.071145,177 3.710835,181 1.258976,196 3.204182,198 2.254838,205 1.88283,207 1.46984,252 2.979113,285 3.081418,314 4.272952,368 8.78813,507 4.883978,509 3.473293,517 5.074336,553 3.5619,1000 grain
6 3.272321,7 1.902676,54 1.463705,115 1.145021,158 1.88004,160 3.719452,172 2.12449,177 2.341276,180 3.022183,196 2.021613,197 2.485201,205 1.88283,231 1.691153,279 2.54794,314 2.136476,341 2.939494,368 8.78813,914 3.501588,987 2.427672,990 3.531088,1000 grain
6 1.636161,17 3.248353,56 2.294176,58 1.046461,160 2.346713,168 3.282687,173 5.480176,205 1.88283,223 1.284437,270 2.014818,291 2.30437,323 2.585417,331 2.952451,368 7.268553,436 3.26016,649 2.693551,746 3.346917,931 4.042353,1000 grain
6 1.636161,7 3.805351,17 2.049482,25 3.44903,82 2.421565,115 1.814816,160 2.346713,168 2.071145,177 3.710835,180 2.395023,196 3.204182,205 1.88283,222 1.750887,225 3.745714,235 1.590692,252 2.979113,330 2.368895,341 2.939494,368 8.091954,507 3.081447,553 3.5619,914 3.501588,1000 grain
1 1.061562,3 1.377668,5 1.541608,6 1.636161,33 1.680634,37 2.577845,56 2.294176,58 1.320487,75 3.006843,97 1.746281,236 5.710013,1000 grain
6 3.272321,25 1.485417,49 2.284131,51 3.161718,56 2.294176,58 0.660244,63 1.514369,86 1.439698,94 2.64154,160 7.040138,162 2.346713,172 3.367238,187 2.250074,195 1.630311,236 2.855007,268 2.40356,270 4.029636,272 3.141086,278 2.979113,281 3.760081,291 2.30437,323 2.585417,503 3.20155,510 3.594145,730 3.20155,1000 grain
3 2.755336,7 1.902676,17 4.098965,24 1.503284,25 1.485417,35 1.500676,37 3.252878,49 2.284131,82 2.421565,164 2.082236,168 2.071145,177 5.436275,196 2.021613,252 2.979113,257 2.031933,314 2.136476,509 3.473293,1000 grain
1 1.061562,15 0.586686,17 2.049482,49 4.568261,78 1.413648,79 3.024825,89 2.368895,105 0.818276,180 1.511092,192 2.585417,198 2.254838,648 4.462494,1000 grain
13 2.439979,17 2.049482,49 5.904392,77 2.226734,82 2.421565,89 2.368895,94 2.64154,103 3.248353,114 2.042409,133 1.360355,156 2.8004,171 2.577758,181 1.258976,244 1.728158,303 2.028476,345 2.866464,384 2.740088,497 5.200029,851 3.782635,1000 grain
1 1.682535,3 4.938887,6 1.636161,15 1.859752,17 2.049482,24 2.395772,56 3.636183,58 1.320487,63 2.400218,69 1.482273,94 4.186742,102 2.587064,113 3.089167,160 2.346713,173 6.362288,181 3.99086,185 2.801028,186 3.660508,205 1.88283,233 7.470445,259 1.935058,278 5.958227,295 8.325643,318 6.194764,377 4.405732,383 2.649942,413 6.693834,419 2.8004,443 8.592903,486 3.20155,530 5.135386,567 7.1238,664 3.446107,734 3.050635,847 3.370416,900 5.596642,932 9.750765,1000 grain
6 1.636161,7 3.805351,24 1.503284,25 2.354329,27 1.430905,58 0.660244,59 2.593253,105 1.636552,168 4.80905,198 2.254838,407 2.866464,1000 grain
1 1.682535,3 1.377668,7 4.417876,17 4.098965,24 0.647429,35 1.893643,49 4.568261,58 0.660244,65 3.871683,73 2.217613,81 2.984214,105 0.818276,107 3.992684,109 5.313886,133 1.360355,150 5.321007,154 1.852748,158 4.859834,177 6.572793,196 4.043227,207 1.46984,285 1.944158,325 4.765733,356 2.616929,357 2.693551,507 3.081447,509 6.946585,517 5.074336,553 3.5619,921 4.263088,1000 grain
5 1.945293,6 2.593253,15 1.362244,16 1.684823,17 5.753625,35 1.893643,58 0.660244,59 1.636161,65 2.44276,105 1.296937,168 4.14229,171 2.577758,182 2.374554,198 2.254838,223 1.284437,243 1.725926,303 4.056953,357 5.387102,436 3.26016,543 3.531088,788 3.501588,815 3.021135,1000 grain
3 2.183552,7 1.902676,25 1.485417,117 2.421565,135 3.425242,317 2.519353,1000 grain
6 1.636161,7 3.805351,13 2.439979,17 2.049482,32 1.858121,49 2.284131,59 1.636161,67 1.969027,69 1.482273,93 1.504583,133 3.516466,211 3.006843,244 1.728158,413 3.346917,601 3.82737,910 3.473293,1000 grain
3 2.183552,6 1.636161,7 3.01567,25 2.354329,27 1.430905,35 0.946821,59 3.272321,65 1.22138,168 2.071145,198 2.254838,225 3.745714,252 4.721783,284 3.050635,357 2.693551,517 3.20155,553 3.5619,730 3.20155,1000 grain
3 1.377668,6 1.636161,7 4.417876,25 1.485417,37 1.626439,58 0.660244,59 2.593253,89 2.368895,109 3.072115,150 3.203565,195 1.630311,325 3.006843,355 4.455302,1000 grain
3 3.198846,6 1.636161,7 1.902676,17 3.248353,24 0.647429,25 1.485417,49 3.620261,58 1.046461,59 1.636161,107 2.25417,156 4.438529,177 2.341276,181 1.258976,196 2.021613,317 3.99308,325 3.006843,410 3.220541,1000 grain
3 3.867602,6 1.636161,7 3.01567,17 3.248353,24 0.647429,25 1.485417,49 4.568261,58 1.320487,59 1.636161,107 2.25417,156 4.438529,177 2.341276,181 1.258976,196 2.021613,317 5.038706,325 3.006843,410 5.104437,1000 grain
17 4.098965,57 1.454605,95 2.633239,173 2.740088,177 3.710835,190 2.40356,195 1.630311,207 1.46984,244 1.728158,353 2.711793,507 3.081447,1000 grain
6 1.636161,7 3.01567,25 2.354329,54 2.927411,72 1.264681,82 2.421565,158 2.979793,160 2.346713,172 3.367238,177 2.341276,180 1.511092,196 2.021613,205 2.984214,231 3.382305,252 2.979113,272 1.981805,298 2.325218,314 3.386234,323 2.585417,341 2.939494,368 7.268553,507 3.081447,517 3.20155,943 2.855007,1000 grain
1 1.061562,3 4.367104,6 1.636161,7 3.01567,17 4.098965,24 2.150713,25 1.485417,27 1.430905,35 0.946821,49 9.524653,56 6.440567,57 1.454605,58 1.046461,59 1.636161,65 3.157222,68 1.400981,73 2.217613,81 1.88283,82 5.622699,105 1.296937,107 1.422223,115 1.145021,133 2.156111,158 3.760081,177 8.393387,181 2.517953,186 2.309523,195 1.630311,196 4.043227,205 1.88283,207 1.46984,208 1.611162,235 3.181384,244 2.739066,281 1.88004,285 1.944158,325 3.006843,368 3.130395,377 2.779707,410 5.104437,486 3.20155,507 4.883978,509 3.473293,517 5.074336,664 8.908057,677 3.875192,679 2.577758,798 2.625036,805 3.594145,1000 grain
1 1.061562,6 4.229414,7 1.902676,10 3.493501,15 2.446438,17 2.049482,49 4.568261,51 4.631833,52 4.708659,54 2.319918,59 1.636161,70 3.852004,71 2.421565,82 3.838089,92 1.501352,101 2.637584,109 3.072115,113 2.448107,118 6.992539,127 6.91311,131 1.902676,137 2.112709,143 2.018207,150 3.203565,152 2.254838,154 1.852748,159 2.264465,160 7.438903,162 6.066164,174 1.950293,180 1.511092,181 1.99543,198 2.254838,200 1.699684,202 2.593162,204 2.330529,207 2.939679,223 1.284437,232 2.148672,233 2.889963,235 1.590692,236 4.525078,266 2.446323,270 2.014818,319 2.533499,325 3.006843,330 2.368895,336 2.421565,337 2.512387,357 2.693551,390 2.789976,402 3.26016,444 13.123412,447 4.389694,451 5.304738,517 8.275886,518 5.549886,592 3.782635,664 3.446107,775 2.855007,840 3.147511,867 2.939494,979 3.446107,1000 grain
7 4.918345,17 2.049482,65 1.22138,70 1.490159,90 1.721483,92 1.501352,114 2.042409,133 1.360355,171 2.577758,190 2.40356,202 4.110064,207 1.46984,235 5.042375,243 1.725926,256 2.491898,290 2.505489,330 2.368895,412 2.866464,639 4.108417,652 3.26016,673 2.914286,687 3.183065,694 5.549886,912 3.220541,1000 grain
7 3.01567,15 1.647037,23 1.622588,43 1.88563,56 4.588353,82 2.421565,181 1.258976,324 3.531088,377 4.405732,440 2.914286,542 5.696585,802 3.324189,1000 grain
7 3.01567,78 1.413648,115 1.145021,158 1.88004,279 2.54794,280 3.472575,1000 grain
3 1.377668,7 1.902676,69 1.482273,89 2.368895,148 2.491898,249 2.779707,327 2.979113,377 2.779707,439 3.419947,1000 grain
1 1.682535,3 2.755336,7 1.902676,25 1.485417,35 1.500676,73 2.217613,115 1.145021,118 3.336289,135 3.425242,211 4.765733,233 2.889963,269 2.082236,331 2.952451,364 4.988687,425 5.645478,450 3.26016,1000 grain
3 2.755336,6 1.636161,24 1.503284,58 0.660244,59 2.593253,105 1.899978,107 2.25417,109 1.536058,122 2.028476,150 1.601783,190 2.40356,245 3.312142,280 2.190951,293 2.264465,357 4.269177,1000 grain
1 1.061562,3 1.377668,15 0.929876,17 5.297835,30 1.611162,35 0.946821,37 1.626439,49 2.284131,58 0.660244,93 1.504583,115 1.145021,118 4.887575,122 5.243535,135 2.161087,143 5.21699,174 1.950293,200 1.699684,270 2.014818,286 3.035728,304 2.667058,414 3.627964,450 3.26016,481 2.979113,733 2.702612,779 3.782635,818 7.273187,1000 grain
3 1.377668,15 0.586686,49 2.284131,73 2.217613,77 2.226734,115 1.145021,117 2.421565,135 2.161087,225 2.363283,249 2.779707,367 3.097382,542 3.594145,1000 grain
3 1.377668,6 1.636161,15 0.586686,17 4.758751,30 1.611162,35 0.946821,37 2.577845,92 1.501352,93 1.504583,118 4.209928,122 3.215059,135 2.161087,143 4.686132,174 1.950293,200 1.699684,223 1.284437,233 2.889963,286 4.811516,403 2.721097,450 3.26016,818 7.273187,1000 grain
6 1.636161,15 0.586686,17 3.248353,30 1.611162,37 2.577845,92 1.501352,122 2.028476,143 3.198783,174 1.950293,200 3.399368,403 2.721097,450 3.26016,818 4.58887,1000 grain
3 2.755336,6 1.636161,17 2.049482,56 3.636183,58 1.320487,59 1.636161,63 2.400218,162 2.346713,171 4.085649,173 5.480176,211 3.006843,223 1.284437,233 2.889963,243 1.725926,365 5.074336,679 2.577758,847 5.341982,907 3.663518,921 4.263088,932 8.064736,1000 grain
2 1.080624,5 0.972647,7 1.902676,20 1.519314,30 1.611162,60 1.278568,69 2.349347,78 1.413648,105 0.818276,123 2.421565,133 1.360355,136 2.702612,247 2.274228,259 1.935058,357 2.693551,1000 grain
6 1.636161,17 2.049482,25 1.485417,59 2.593253,115 1.145021,195 1.630311,1000 grain
3 1.377668,7 1.902676,25 1.485417,115 1.145021,117 2.421565,127 2.30437,135 2.161087,197 2.485201,458 3.050635,1000 grain
5 0.972647,6 2.593253,7 1.902676,49 3.620261,59 1.636161,82 5.622699,105 2.593874,133 1.360355,160 2.346713,162 3.719452,185 1.767252,211 3.006843,236 4.525078,413 3.346917,443 6.648377,503 3.20155,601 3.82737,916 5.140364,1000 grain
3 3.867602,15 0.586686,28 1.436755,148 2.491898,154 1.852748,181 2.517953,185 1.767252,227 3.294375,325 4.765733,508 5.46195,534 3.501588,691 7.273187,1000 grain
15 0.929876,17 5.297835,79 1.908452,107 1.422223,115 2.290042,131 1.902676,148 3.949565,158 1.88004,170 2.939494,181 1.258976,196 4.694041,209 4.241006,296 2.821729,412 2.866464,534 5.549886,653 2.625036,914 3.501588,1000 grain
1 1.682535,37 1.626439,46 3.604567,49 2.284131,107 1.422223,109 1.536058,143 2.018207,150 1.601783,164 2.082236,259 1.935058,356 2.616929,381 3.394739,427 3.16506,460 3.130395,1000 grain
3 1.377668,6 2.593253,7 5.708027,17 2.049482,24 0.647429,25 1.485417,59 4.908482,65 1.22138,73 2.217613,82 5.622699,133 2.156111,158 5.640121,164 2.082236,168 2.071145,177 5.436275,195 1.630311,196 4.694041,198 2.254838,205 2.984214,207 2.329641,252 2.979113,267 2.001423,270 2.014818,278 2.979113,285 1.944158,410 3.220541,507 4.883978,509 11.010077,517 11.075542,553 7.1238,680 3.627964,727 5.696585,842 4.883978,1000 grain
6 1.636161,7 5.341486,35 1.893643,59 2.593253,62 2.152786,65 1.22138,86 1.439698,109 1.536058,133 1.360355,150 1.601783,154 3.705495,160 3.719452,168 2.071145,177 4.682552,190 2.40356,196 2.021613,205 1.88283,207 1.46984,223 2.568874,231 1.691153,270 2.014818,278 4.721783,281 3.760081,285 3.888317,507 3.081447,509 3.473293,526 3.16506,553 5.645478,1000 grain
3 1.377668,7 1.902676,15 0.586686,17 2.049482,24 1.026151,45 2.165276,58 0.660244,69 1.482273,101 1.66413,102 1.632256,130 1.998115,173 4.342937,180 1.511092,190 2.40356,204 2.330529,236 2.855007,303 2.028476,318 4.909234,365 8.275886,567 3.5619,568 3.501588,578 3.663518,846 3.346917,1000 grain
3 2.183552,7 1.902676,35 0.946821,115 1.145021,116 3.445278,133 1.360355,135 2.161087,211 3.006843,244 1.728158,331 2.952451,450 3.26016,1000 grain
3 1.377668,6 1.636161,15 0.586686,24 1.026151,25 1.485417,27 1.430905,37 1.626439,49 5.303587,52 1.485417,56 2.294176,58 0.660244,59 3.272321,63 1.514369,143 2.018207,171 2.577758,195 1.630311,232 2.148672,325 3.006843,744 3.021135,827 3.130395,908 3.021135,1000 grain
3 2.755336,4 1.174563,17 2.049482,24 1.294858,25 2.354329,43 2.988653,58 0.660244,63 1.514369,133 2.156111,140 1.874495,214 2.173729,233 6.710285,295 2.965654,908 3.021135,935 3.006843,1000 grain
24 0.647429,58 0.660244,173 2.740088,181 1.258976,295 2.965654,318 3.097382,339 4.772022,365 5.074336,932 5.505038,1000 grain
6 1.636161,17 2.049482,35 2.447497,59 1.636161,65 2.44276,77 3.52929,82 2.421565,94 2.64154,198 2.254838,271 2.600994,687 3.183065,911 4.765733,1000 grain
17 4.758751,24 0.647429,39 1.565484,67 1.969027,92 1.501352,115 1.145021,154 2.936535,177 2.341276,235 3.181384,642 4.181447,659 3.20155,920 2.939494,1000 grain
3 1.377668,6 1.636161,15 1.173373,17 5.753625,24 1.026151,35 0.946821,56 7.621089,58 1.046461,59 1.636161,81 1.88283,82 3.838089,140 1.874495,162 2.346713,173 7.6924,177 7.42167,196 4.043227,232 2.148672,243 5.177778,244 1.728158,285 1.944158,295 2.965654,307 10.235092,318 3.097382,325 4.765733,331 4.679523,377 7.185439,410 5.104437,433 2.843736,436 3.26016,454 3.324189,486 6.403099,509 8.064736,530 5.135386,578 5.806538,679 2.577758,725 3.370416,864 3.92656,928 2.889963,1000 grain
3 1.377668,13 3.574505,17 4.098965,35 2.447497,52 1.485417,57 2.305494,58 1.320487,60 1.278568,65 1.22138,68 1.400981,77 3.52929,78 1.413648,89 2.368895,95 2.633239,103 4.098965,115 1.145021,136 2.702612,170 5.878988,177 5.436275,244 2.739066,295 2.965654,345 4.543238,384 4.342937,497 6.561706,547 3.280853,733 2.702612,734 3.050635,821 4.909234,845 3.82737,919 3.021135,1000 grain
3 3.867602,7 3.01567,17 4.098965,24 1.67358,27 2.86181,118 2.104964,122 2.028476,171 2.577758,177 3.710835,185 2.801028,196 2.021613,211 6.013686,317 2.519353,410 3.220541,450 3.26016,506 3.183065,916 2.570182,1000 grain
1 2.46487,3 2.183552,6 1.636161,24 1.026151,25 1.485417,49 3.620261,65 1.22138,77 2.226734,115 1.814816,131 1.902676,177 4.682552,196 3.204182,257 3.220538,293 2.264465,298 3.685383,303 2.028476,956 3.419947,1000 grain
3 3.56122,6 2.593253,17 5.297835,24 1.67358,56 3.636183,58 1.533038,59 2.593253,63 3.516256,82 2.421565,177 2.341276,196 2.021613,243 1.725926,295 2.965654,337 2.512387,410 5.104437,507 4.883978,916 2.570182,1000 grain
1 1.061562,3 1.377668,58 0.660244,65 1.22138,211 4.765733,257 2.031933,273 4.327784,294 4.543238,671 4.263088,837 3.16506,935 3.006843,1000 grain
3 2.183552,7 3.01567,10 2.204154,24 2.395772,29 2.060229,54 1.463705,56 4.588353,58 0.660244,59 2.593253,63 1.514369,65 1.22138,70 1.490159,75 3.006843,91 2.945052,97 1.746281,102 1.632256,119 2.217613,130 3.996229,140 1.874495,141 2.074822,173 2.740088,198 2.254838,213 3.27689,236 7.380085,303 2.028476,319 2.533499,365 7.433768,412 2.866464,450 3.26016,481 2.979113,486 3.20155,543 9.127731,567 5.645478,761 3.782635,788 3.501588,838 3.92656,846 6.693834,932 3.473293,1000 grain
3 1.377668,25 1.485417,117 2.421565,135 2.161087,168 2.071145,225 2.363283,252 2.979113,387 2.979113,422 3.346917,1000 grain
3 2.183552,6 1.636161,7 5.341486,24 1.294858,59 1.636161,82 2.421565,105 1.636552,115 1.145021,293 2.264465,357 2.693551,453 3.370416,1000 grain
3 3.198846,17 3.248353,25 1.485417,48 1.544583,73 6.65284,81 2.984214,105 2.115213,117 2.421565,150 1.601783,222 1.750887,233 4.580482,249 2.779707,272 3.141086,317 5.038706,528 3.5619,1000 grain
3 1.377668,15 0.586686,25 1.485417,49 2.284131,65 1.22138,73 3.514834,77 3.52929,105 1.296937,117 3.838089,257 2.031933,317 2.519353,355 4.455302,370 3.26016,387 2.979113,542 3.594145,1000 grain
3 3.867602,17 4.098965,48 1.544583,73 5.149139,81 2.984214,105 2.115213,133 1.360355,148 2.491898,150 1.601783,222 1.750887,233 4.580482,249 2.779707,272 3.141086,317 5.038706,437 2.675777,528 3.5619,937 3.346917,1000 grain
3 2.183552,17 2.049482,73 4.435227,81 1.88283,105 1.296937,117 2.421565,222 1.750887,233 4.580482,249 2.779707,272 3.141086,317 3.99308,1000 grain
3 2.183552,25 1.485417,49 3.620261,77 2.226734,117 2.421565,135 3.425242,387 2.979113,413 5.304738,437 2.675777,981 4.108417,1000 grain
3 2.183552,7 3.805351,37 2.577845,58 1.320487,143 3.198783,270 3.193411,317 2.519353,1000 grain
3 1.377668,15 0.586686,49 2.284131,77 2.226734,135 2.161087,225 2.363283,317 2.519353,367 3.097382,437 2.675777,542 3.594145,1000 grain
3 1.377668,25 1.485417,49 2.284131,135 3.425242,317 2.519353,370 3.26016,437 2.675777,1000 grain
3 2.755336,15 0.586686,24 1.026151,37 1.626439,58 0.660244,68 1.400981,113 1.544583,143 3.198783,233 5.779925,272 1.981805,1000 grain
3 3.56122,6 1.636161,17 2.049482,24 0.647429,25 1.485417,39 1.565484,43 1.88563,48 1.544583,56 2.294176,58 0.660244,92 1.501352,162 2.346713,233 6.710285,256 2.491898,290 3.971107,295 2.965654,300 2.821729,363 2.391811,884 3.982041,1000 grain
7 1.902676,15 1.173373,23 1.622588,49 2.284131,56 2.294176,82 2.421565,181 1.258976,307 2.855007,324 3.531088,325 3.006843,377 6.454281,413 3.346917,440 4.619034,486 3.20155,503 3.20155,542 3.594145,568 7.003176,578 3.663518,662 2.789976,802 3.324189,1000 grain
3 4.367104,24 1.026151,25 1.485417,58 1.046461,181 2.517953,225 3.745714,236 4.525078,407 4.543238,1000 grain
3 3.867602,25 1.485417,58 1.046461,69 2.349347,93 1.504583,181 2.517953,225 3.745714,236 4.525078,407 4.543238,1000 grain
2 1.080624,3 1.377668,15 0.586686,24 1.67358,56 3.636183,58 1.320487,130 3.166937,171 2.577758,236 4.525078,243 1.725926,270 4.029636,318 3.097382,365 5.074336,974 3.240068,1000 grain
1 1.061562,3 4.576513,15 2.233723,17 4.098965,24 2.750232,39 1.565484,58 1.980731,63 3.516256,94 6.133467,113 1.544583,173 5.480176,181 2.517953,185 2.801028,208 1.611162,233 7.470445,244 1.728158,259 4.493065,278 4.721783,295 10.974223,318 9.818469,383 2.649942,413 7.7713,443 9.972566,567 3.5619,578 3.663518,592 5.995335,664 3.446107,872 2.952451,932 9.750765,952 3.92656,1000 grain
1 1.061562,14 1.616852,15 0.586686,16 1.684823,35 0.946821,116 5.047242,118 4.209928,160 2.346713,174 1.950293,200 1.699684,213 2.067487,285 1.944158,450 3.26016,729 3.220541,883 3.473293,1000 grain
3 2.183552,7 1.902676,17 2.049482,25 2.354329,35 0.946821,73 2.217613,115 1.145021,118 2.104964,122 2.028476,135 2.161087,211 4.765733,233 4.580482,364 4.988687,425 3.5619,1000 grain
1 1.061562,3 3.56122,7 3.01567,17 2.049482,25 3.839746,35 1.893643,70 3.460041,73 4.435227,171 2.577758,211 4.765733,233 8.113151,245 2.089729,304 2.667058,364 6.295022,403 2.721097,407 2.866464,425 7.1238,458 4.835142,551 7.65474,1000 grain
3 1.377668,17 2.049482,25 1.485417,73 2.217613,115 1.145021,116 2.173729,122 2.028476,135 2.161087,174 1.950293,200 1.699684,211 3.006843,364 3.147511,1000 grain
1 1.682535,6 1.636161,17 3.248353,24 1.942287,49 4.568261,57 1.454605,58 0.660244,59 1.636161,82 4.843129,94 2.64154,113 1.544583,115 1.145021,156 2.8004,162 2.346713,168 2.071145,436 6.520321,443 7.718527,583 3.663518,937 5.304738,1000 grain
1 1.061562,3 2.755336,7 3.01567,25 1.485417,117 2.421565,135 2.161087,458 4.835142,837 3.16506,1000 grain
3 1.377668,6 1.636161,17 2.049482,25 2.354329,48 1.544583,59 2.593253,65 1.22138,82 2.421565,168 2.071145,198 2.254838,207 1.46984,236 2.855007,245 2.089729,252 2.979113,357 2.693551,553 3.5619,1000 grain
1 1.682535,17 4.098965,35 2.198451,58 0.660244,60 1.278568,78 5.067874,155 4.298089,161 2.008088,180 2.395023,190 4.80712,195 4.890934,205 1.88283,218 1.86626,219 4.914625,226 2.386011,235 1.590692,270 4.029636,272 1.981805,323 2.585417,331 2.952451,463 5.420488,497 3.280853,614 3.531088,662 2.789976,741 4.181447,775 2.855007,797 3.006843,865 3.130395,916 2.570182,977 3.627964,991 3.82737,1000 grain
3 3.198846,7 3.805351,24 1.817563,27 1.430905,58 0.660244,113 1.544583,171 4.085649,185 1.767252,211 6.013686,407 4.543238,450 3.26016,1000 grain
3 2.755336,7 3.01567,17 2.049482,35 0.946821,65 1.22138,73 2.217613,96 1.852748,115 1.145021,116 3.445278,122 2.028476,133 1.360355,135 3.425242,158 1.88004,181 1.258976,200 1.699684,331 4.679523,412 2.866464,450 3.26016,1000 grain
3 3.867602,7 3.805351,24 1.294858,27 2.267931,69 2.349347,113 1.544583,171 2.577758,185 2.801028,211 6.013686,407 2.866464,450 3.26016,1000 grain
3 2.755336,7 5.341486,14 1.616852,15 0.586686,35 0.946821,65 2.44276,133 1.360355,168 3.282687,181 1.258976,236 2.855007,243 1.725926,292 2.585417,295 2.965654,333 3.147511,421 2.721097,658 4.181447,1000 grain
1 1.061562,6 1.636161,7 3.01567,8 1.348617,17 2.049482,25 2.354329,54 1.463705,59 1.636161,65 1.22138,82 4.843129,115 1.145021,123 2.421565,158 1.88004,164 2.082236,172 3.367238,177 2.341276,190 2.40356,196 2.021613,208 1.611162,231 1.691153,252 2.979113,291 2.30437,314 3.386234,323 2.585417,507 3.081447,517 3.20155,723 2.693551,914 5.549886,1000 grain
6 1.636161,56 3.636183,90 1.721483,160 2.346713,162 4.693425,168 2.071145,173 4.342937,272 3.141086,321 4.765733,443 3.324189,584 3.700994,1000 grain
1 1.061562,15 0.586686,17 2.049482,24 1.503284,32 1.858121,49 4.568261,56 3.636183,58 1.046461,63 1.514369,65 1.22138,82 3.838089,115 1.145021,122 2.028476,162 2.346713,168 4.14229,181 1.258976,584 5.865937,1000 grain
5 3.231062,6 2.593253,8 1.348617,15 1.516562,24 2.529434,43 1.88563,49 9.336299,56 5.93036,58 2.284067,59 3.272321,63 3.914587,82 6.259654,94 7.924621,105 0.818276,109 3.072115,113 1.544583,150 1.601783,162 6.066164,168 5.814439,181 1.258976,185 1.767252,208 1.611162,244 1.728158,256 5.786008,259 1.935058,266 2.446323,271 2.600994,310 2.433833,325 3.006843,331 2.952451,365 3.20155,377 2.779707,381 5.380534,436 13.594624,443 5.268714,543 11.730021,583 10.284794,584 3.700994,673 2.914286,676 3.501588,798 4.160584,827 3.130395,842 3.081447,872 5.904901,1000 grain
1 1.061562,3 3.56122,6 1.636161,24 1.503284,49 6.412365,52 2.354329,58 0.660244,59 2.593253,63 1.514369,70 1.490159,113 1.544583,185 1.767252,207 1.46984,293 2.264465,888 3.302182,908 3.021135,1000 grain
17 2.049482,25 1.485417,37 1.626439,49 8.188522,65 2.835957,88 2.386011,115 1.145021,128 3.166937,160 6.066164,162 2.346713,168 2.071145,174 1.950293,200 1.699684,231 1.691153,239 2.855007,270 3.193411,278 5.958227,281 1.88004,286 3.035728,330 2.368895,331 6.855378,381 3.394739,517 3.20155,681 3.875192,876 3.982041,1000 grain
3 1.377668,5 1.541608,13 1.539455,15 1.362244,17 6.496706,24 0.647429,25 2.970833,35 2.447497,43 2.988653,49 6.852392,58 0.660244,65 2.835957,68 1.400981,77 6.680202,78 1.413648,82 7.264694,101 1.66413,103 6.148447,105 1.296937,133 4.312223,162 4.693425,168 3.282687,177 4.682552,196 2.021613,232 2.148672,303 6.085429,307 2.855007,381 3.394739,410 3.220541,497 7.617904,677 3.875192,729 3.220541,884 3.982041,911 3.006843,1000 grain
1 2.123123,37 1.626439,46 2.274228,49 3.620261,83 2.108825,107 1.422223,176 4.455302,181 1.258976,201 2.702612,297 2.939494,304 2.667058,317 2.519353,356 2.616929,375 4.765733,381 3.394739,397 2.979113,460 3.130395,557 3.394739,700 3.740613,1000 grain
7 3.01567,15 1.173373,51 3.161718,58 0.660244,65 1.22138,123 2.421565,158 2.979793,160 5.448898,162 2.346713,173 2.740088,181 1.258976,187 2.250074,190 2.40356,231 2.680414,236 2.855007,266 2.446323,272 1.981805,323 2.585417,436 5.167232,451 3.346917,503 3.20155,568 5.549886,746 3.346917,987 2.427672,1000 grain
30 1.611162,35 0.946821,37 1.626439,49 5.303587,51 3.989644,72 2.004472,115 1.145021,133 1.360355,143 2.018207,160 5.448898,278 2.979113,281 1.88004,381 3.394739,553 3.5619,775 2.855007,1000 grain
5 1.541608,6 2.593253,7 1.902676,24 0.647429,59 1.636161,90 1.721483,105 1.636552,156 2.8004,160 2.346713,162 2.346713,168 2.071145,190 2.40356,223 1.284437,1000 grain
1 2.46487,37 1.626439,49 3.620261,51 1.994822,128 1.998115,143 2.018207,160 2.346713,172 4.932914,190 2.40356,207 1.46984,383 2.649942,394 3.081447,471 3.220541,854 3.473293,1000 grain
17 2.049482,24 2.052302,49 5.303587,58 1.046461,69 1.482273,82 3.838089,94 5.283081,156 5.6008,162 3.719452,270 3.193411,281 1.88004,436 3.26016,443 3.324189,568 5.549886,1000 grain
15 1.362244,17 3.248353,58 1.046461,62 2.152786,181 3.534393,244 1.728158,270 3.193411,281 1.88004,1000 grain
5 0.972647,6 3.272321,16 3.369645,17 2.049482,24 1.67358,35 1.500676,56 2.294176,59 2.593253,82 3.838089,105 2.115213,133 1.360355,157 2.465489,160 3.719452,168 2.071145,187 2.250074,198 3.573834,223 1.284437,231 1.691153,284 4.835142,543 3.531088,640 3.594145,1000 grain
1 2.123123,6 1.636161,7 8.223228,17 4.758751,25 1.485417,28 1.436755,35 1.893643,58 1.046461,59 2.593253,62 2.152786,65 2.44276,82 2.421565,86 2.281867,105 1.296937,133 2.72071,154 1.852748,158 4.859834,160 2.346713,168 2.071145,177 6.052111,180 1.511092,181 1.258976,190 2.40356,196 4.694041,198 3.573834,205 3.765659,207 2.939679,223 2.035784,225 2.363283,235 3.181384,243 1.725926,244 2.739066,252 2.979113,257 2.031933,270 2.014818,278 5.958227,285 1.944158,299 2.616929,314 2.136476,368 6.26079,381 3.394739,410 5.104437,507 7.154898,509 8.978331,517 3.20155,553 7.1238,798 4.160584,1000 grain
1 2.744097,3 2.183552,5 1.541608,6 4.229414,7 4.417876,10 2.204154,15 0.929876,17 4.098965,25 2.354329,35 0.946821,37 5.830723,49 3.620261,52 1.485417,58 1.320487,59 1.636161,62 3.412085,63 1.514369,70 2.361846,71 3.838089,72 1.264681,82 3.838089,83 2.108825,87 3.790931,98 2.421565,105 1.296937,108 2.902018,134 2.855007,143 3.198783,154 3.705495,158 2.979793,160 2.346713,164 2.082236,168 5.814439,174 1.950293,177 3.710835,184 1.891266,190 2.40356,196 3.204182,198 2.254838,200 1.699684,205 3.765659,207 1.46984,231 2.680414,252 2.979113,256 2.491898,268 2.40356,270 2.014818,272 5.563629,278 2.979113,291 2.30437,314 4.960744,323 2.585417,334 2.446323,341 2.939494,356 2.616929,357 2.693551,375 3.006843,397 2.979113,402 5.167232,442 2.789976,451 5.304738,503 3.20155,727 5.696585,734 3.050635,798 2.625036,811 3.370416,975 3.370416,986 2.866464,1000 grain
5 0.972647,6 1.636161,7 4.417876,15 0.929876,49 3.620261,51 1.994822,63 1.514369,65 1.22138,90 1.721483,105 1.636552,115 1.145021,156 2.8004,160 3.719452,164 2.082236,168 3.282687,227 2.078519,314 2.136476,381 3.394739,433 2.843736,436 3.26016,678 2.889963,960 5.806538,1000 grain
3 2.183552,7 3.01567,15 0.929876,24 1.026151,57 1.454605,105 1.296937,107 2.25417,228 2.711793,285 1.944158,357 2.693551,1000 grain
6 1.636161,7 3.01567,27 1.430905,35 0.946821,43 1.88563,63 2.400218,156 5.6008,223 1.284437,236 4.525078,323 2.585417,325 3.006843,503 5.074336,729 3.220541,1000 grain
6 1.636161,7 1.902676,24 0.647429,25 2.354329,86 1.439698,105 0.818276,162 2.346713,164 3.300265,177 3.710835,196 3.204182,272 3.141086,281 1.88004,293 2.264465,668 3.700994,675 3.324189,970 3.594145,1000 grain
6 1.636161,56 2.294176,86 1.439698,90 2.728486,160 3.719452,162 3.719452,168 2.071145,192 2.585417,272 1.981805,443 5.268714,583 3.663518,584 5.865937,1000 grain
6 1.636161,24 1.026151,49 2.284131,51 1.994822,59 1.636161,82 4.843129,88 6.167749,105 1.296937,162 5.448898,168 2.071145,198 2.254838,213 2.067487,303 4.056953,381 5.380534,403 2.721097,409 2.979113,413 3.346917,1000 grain
6 1.636161,27 2.267931,30 2.553632,35 2.198451,52 3.44903,58 0.660244,71 3.838089,82 2.421565,87 2.391811,107 1.422223,112 3.612351,131 1.902676,143 3.198783,158 1.88004,164 3.300265,205 2.984214,225 2.363283,235 1.590692,236 8.015017,271 2.600994,275 3.857534,314 3.386234,343 3.006843,368 7.268553,390 2.789976,394 3.081447,402 6.520321,435 2.914286,975 3.370416,986 2.866464,1000 grain
1 2.46487,3 1.377668,4 1.174563,6 2.593253,7 5.708027,17 4.758751,24 0.647429,25 2.354329,58 0.660244,59 1.636161,78 1.413648,82 7.676178,86 1.439698,110 2.570182,131 3.01567,158 5.640121,164 2.082236,168 3.282687,177 3.710835,181 2.923252,196 2.021613,197 2.485201,205 2.984214,222 1.750887,231 1.691153,252 4.721783,285 1.944158,291 2.30437,314 5.52271,339 2.386011,341 2.939494,356 2.616929,368 6.26079,387 2.979113,390 2.789976,507 4.883978,509 6.946585,517 6.403099,553 5.645478,797 3.006843,814 3.06587,960 3.663518,1000 grain
6 1.636161,7 1.902676,24 1.026151,25 3.44903,27 1.430905,58 0.660244,59 2.593253,105 1.296937,168 4.14229,198 2.254838,284 3.050635,573 5.549886,855 3.875192,1000 grain
1 2.123123,6 2.593253,7 5.341486,17 4.758751,25 1.485417,56 2.294176,60 1.278568,63 1.514369,65 2.44276,70 2.361846,72 1.264681,81 2.984214,107 2.25417,128 1.998115,160 2.346713,162 2.346713,205 1.88283,207 3.412862,231 1.691153,232 2.148672,256 3.949565,270 2.014818,278 4.721783,356 2.616929,368 3.130395,375 3.006843,397 2.979113,436 3.26016,461 3.035728,678 2.889963,867 2.939494,914 3.501588,1000 grain
1 2.123123,6 1.636161,7 3.805351,27 1.430905,58 0.660244,59 3.272321,61 2.40951,62 2.152786,72 1.264681,137 2.112709,160 2.346713,162 2.346713,177 3.710835,180 1.511092,195 1.630311,196 3.204182,205 4.371795,231 2.680414,256 2.491898,270 3.193411,278 2.979113,330 2.368895,526 5.016501,773 3.663518,914 3.501588,1000 grain
6 1.636161,7 3.01567,17 3.248353,25 1.485417,49 2.284131,107 1.422223,158 3.760081,164 2.082236,168 2.071145,177 5.436275,196 2.021613,205 1.88283,244 1.728158,252 2.979113,270 2.014818,278 2.979113,293 2.264465,314 2.136476,368 3.130395,507 3.081447,972 3.82737,1000 grain
3 1.377668,6 2.593253,7 5.341486,17 3.248353,24 0.647429,25 1.485417,49 2.284131,65 2.835957,70 1.490159,107 1.422223,109 2.434594,133 1.360355,137 2.112709,150 2.538765,168 2.071145,177 4.682552,196 4.043227,223 1.284437,252 2.979113,285 1.944158,507 6.162894,517 3.20155,731 3.5619,842 3.081447,1000 grain
3 3.56122,6 1.636161,7 3.01567,17 4.098965,24 1.503284,49 6.412365,58 1.533038,107 3.676392,133 1.360355,178 2.156924,205 1.88283,232 2.148672,257 4.063867,285 3.081418,368 8.091954,507 4.883978,509 8.064736,1000 grain
15 0.586686,95 2.633239,113 1.544583,149 2.64154,173 2.740088,235 1.590692,236 2.855007,318 3.097382,339 4.772022,365 6.403099,377 4.405732,486 5.074336,539 3.501588,568 3.501588,884 3.982041,1000 grain
3 2.183552,6 1.636161,7 3.805351,25 2.354329,48 1.544583,59 1.636161,73 2.217613,82 2.421565,105 0.818276,117 2.421565,168 2.071145,198 2.254838,245 3.312142,252 2.979113,280 3.472575,341 4.658988,403 4.312836,1000 grain
3 3.867602,6 1.636161,7 3.805351,17 3.248353,25 2.354329,48 2.448107,59 1.636161,60 1.278568,73 2.217613,105 0.818276,168 2.071145,198 2.254838,225 2.363283,252 2.979113,284 4.835142,307 4.525078,339 3.781738,341 2.939494,357 2.693551,403 2.721097,458 3.050635,528 3.5619,1000 grain
6 1.636161,17 2.049482,32 1.858121,58 0.660244,59 1.636161,82 2.421565,133 1.360355,160 4.693425,162 2.346713,168 2.071145,190 2.40356,236 2.855007,268 2.40356,503 3.20155,584 5.865937,876 3.982041,1000 grain
6 1.636161,8 2.137508,15 0.586686,17 4.098965,35 0.946821,59 1.636161,65 2.835957,82 2.421565,88 5.540146,105 0.818276,133 1.360355,181 1.258976,207 2.329641,236 4.525078,406 8.064736,1000 grain
6 1.636161,7 3.01567,17 3.248353,59 2.593253,90 1.721483,317 3.99308,325 4.765733,331 2.952451,356 4.147734,453 5.341982,508 3.446107,1000 grain
0 1.24103,3 4.938887,6 1.636161,7 3.01567,15 0.929876,16 1.684823,24 0.647429,25 1.485417,28 1.436755,49 2.284131,52 2.970833,58 1.533038,59 3.272321,69 1.482273,81 1.88283,94 4.186742,107 1.422223,156 2.8004,171 7.236681,181 3.99086,237 2.8004,238 2.011445,244 1.728158,271 4.122478,325 3.006843,339 2.386011,358 2.8004,410 5.104437,487 3.050635,503 3.20155,736 5.865937,793 6.362288,1000 grain
0 1.24103,3 5.097977,6 1.636161,7 3.01567,15 1.516562,24 0.647429,49 2.284131,52 2.970833,58 1.046461,59 4.229414,94 5.283081,171 8.171299,181 3.99086,211 3.006843,244 1.728158,271 4.122478,273 2.730527,294 2.866464,339 2.386011,410 3.220541,413 3.346917,487 4.835142,503 3.20155,793 6.362288,1000 grain
6 1.636161,17 2.049482,35 0.946821,49 2.284131,59 1.636161,65 1.22138,77 6.251232,82 4.843129,133 1.360355,198 2.254838,298 2.325218,326 6.366129,468 3.473293,1000 grain
6 1.636161,7 3.805351,15 0.586686,24 1.294858,32 1.858121,49 3.620261,56 3.636183,59 1.636161,82 4.843129,94 2.64154,109 1.536058,162 2.346713,168 4.80905,173 5.480176,181 1.258976,211 3.006843,236 2.855007,403 2.721097,413 3.346917,436 9.152427,503 3.20155,584 5.865937,766 3.782635,1000 grain
3 3.867602,6 1.636161,7 3.01567,24 2.052302,27 2.267931,56 2.294176,59 1.636161,130 1.998115,140 2.971004,1000 grain
3 4.576513,6 1.636161,7 3.01567,17 2.049482,24 2.395772,27 2.267931,56 2.294176,59 1.636161,63 2.400218,130 1.998115,140 1.874495,592 3.782635,1000 grain
3 5.631166,6 1.636161,7 3.01567,17 3.248353,24 2.646342,37 3.776474,56 3.636183,59 1.636161,63 2.400218,82 2.421565,140 2.971004,177 4.682552,410 3.220541,592 5.995335,1000 grain
6 1.636161,17 4.758751,59 2.593253,90 3.442965,180 1.511092,235 1.590692,272 3.141086,435 2.914286,914 3.501588,1000 grain
6 2.593253,13 2.439979,17 4.758751,46 2.274228,49 3.620261,58 0.660244,59 2.593253,65 3.157222,77 5.756024,82 7.676178,122 2.028476,133 3.516466,168 3.282687,180 1.511092,181 1.99543,195 1.630311,198 3.573834,303 2.028476,326 5.045038,497 6.561706,673 2.914286,687 7.390847,884 3.982041,911 3.006843,1000 grain
5 0.972647,6 1.636161,17 3.248353,35 0.946821,48 1.544583,58 0.660244,59 1.636161,65 1.22138,82 3.838089,105 0.818276,198 3.573834,223 1.284437,243 1.725926,270 2.014818,284 3.050635,295 2.965654,331 2.952451,675 3.324189,798 2.625036,1000 grain
3 3.56122,6 1.636161,7 3.01567,15 0.586686,17 4.758751,24 1.67358,28 1.436755,35 0.946821,37 2.577845,49 2.284131,58 0.660244,59 1.636161,63 3.028738,82 4.843129,93 3.009166,171 2.577758,177 4.682552,196 2.021613,243 1.725926,259 3.066994,307 2.855007,331 4.679523,377 2.779707,410 6.441082,454 5.268714,463 3.419947,486 3.20155,592 3.782635,987 2.427672,1000 grain
3 1.377668,4 1.174563,6 1.636161,7 3.01567,59 3.799047,73 2.217613,81 1.88283,82 2.421565,105 1.296937,133 1.360355,158 1.88004,267 2.001423,285 1.944158,437 2.675777,458 3.050635,1000 grain
6 1.636161,24 1.026151,32 3.716242,49 6.412365,51 1.994822,59 1.636161,82 3.838089,105 2.115213,109 2.434594,160 2.346713,162 2.346713,168 5.814439,266 2.446323,341 4.658988,363 2.391811,381 3.394739,403 5.442193,433 2.843736,436 3.26016,443 3.324189,584 9.566931,935 3.006843,1000 grain
3 1.377668,6 1.636161,49 3.620261,58 1.046461,59 1.636161,117 2.421565,225 2.363283,244 1.728158,1000 grain
3 3.56122,6 1.636161,17 2.049482,24 0.647429,49 6.412365,58 1.706705,59 2.593253,81 1.88283,82 2.421565,107 2.25417,117 3.838089,171 2.577758,177 2.341276,196 2.021613,225 3.745714,227 2.078519,244 2.739066,410 5.104437,793 2.740088,1000 grain
3 3.56122,6 1.636161,7 1.902676,17 2.049482,49 5.303587,58 1.706705,59 1.636161,81 1.88283,107 2.844445,177 2.341276,196 2.021613,225 2.363283,244 1.728158,410 3.220541,1000 grain
6 1.636161,32 2.945052,49 3.620261,58 1.046461,59 2.593253,82 2.421565,158 2.979793,162 5.448898,168 3.282687,198 2.254838,205 1.88283,341 5.878988,368 6.26079,381 3.394739,584 5.865937,1000 grain
3 2.183552,6 1.636161,7 3.01567,59 2.593253,72 2.529362,171 2.577758,225 2.363283,244 1.728158,267 2.001423,285 1.944158,293 2.264465,307 4.525078,357 2.693551,388 3.050635,458 3.050635,736 3.700994,793 2.740088,1000 grain
6 1.636161,7 3.01567,59 1.636161,93 1.504583,162 3.719452,168 2.071145,268 2.40356,307 4.525078,436 3.26016,568 3.501588,700 3.740613,729 3.220541,840 3.147511,1000 grain
15 0.929876,65 1.22138,82 3.838089,105 1.296937,115 1.145021,133 2.72071,156 5.6008,160 2.346713,164 2.082236,173 2.740088,208 2.553632,231 1.691153,236 5.710013,291 2.30437,314 2.136476,381 3.394739,406 3.473293,503 6.403099,723 4.269177,724 3.663518,1000 grain
3 2.183552,6 2.593253,24 1.026151,49 3.620261,58 0.660244,109 1.536058,143 2.018207,150 1.601783,177 2.341276,185 1.767252,196 2.021613,223 1.284437,257 2.031933,339 2.386011,509 3.473293,1000 grain
3 4.133003,6 1.636161,13 1.539455,17 3.248353,24 1.294858,27 2.267931,30 1.611162,49 7.587717,58 1.046461,72 1.264681,89 2.368895,177 5.436275,196 4.694041,227 2.078519,244 1.728158,270 2.014818,317 2.519353,916 2.570182,927 3.501588,1000 grain
3 3.56122,6 1.636161,7 4.918345,17 3.248353,24 1.67358,25 1.485417,35 0.946821,37 1.626439,49 7.240523,52 1.485417,57 1.454605,58 1.046461,59 2.593253,63 1.514369,65 1.935842,70 1.490159,82 3.838089,107 1.422223,109 1.536058,115 1.145021,150 1.601783,158 1.88004,173 2.740088,174 1.950293,177 7.023828,196 3.204182,200 1.699684,207 1.46984,232 2.148672,285 4.514196,293 2.264465,307 2.855007,319 2.533499,339 2.386011,341 2.939494,410 3.220541,507 3.081447,509 8.064736,517 3.20155,664 3.446107,679 2.577758,870 3.130395,1000 grain
6 2.593253,7 4.417876,25 1.485417,54 1.463705,59 2.593253,72 1.264681,115 1.145021,158 4.859834,164 3.300265,172 2.12449,177 3.710835,190 2.40356,196 3.204182,231 2.680414,252 2.979113,285 3.081418,314 4.272952,509 6.946585,517 6.403099,553 3.5619,1000 grain
1 2.123123,3 1.377668,6 2.593253,7 5.708027,17 3.248353,24 0.647429,25 1.485417,35 0.946821,59 1.636161,61 2.40951,65 1.22138,72 1.264681,82 2.421565,115 1.145021,158 3.760081,164 3.300265,177 4.682552,181 1.258976,190 2.40356,196 2.021613,205 1.88283,223 1.284437,252 2.979113,285 1.944158,314 4.960744,368 3.130395,442 2.789976,507 6.162894,509 3.473293,517 3.20155,553 3.5619,1000 grain
3 1.377668,15 0.586686,24 1.026151,54 1.463705,73 2.217613,130 1.998115,173 2.740088,236 2.855007,353 2.711793,363 2.391811,377 2.779707,1000 grain
7 4.417876,23 1.622588,56 4.588353,69 2.349347,190 2.40356,233 2.889963,307 5.710013,377 6.454281,383 4.200059,440 7.53332,542 3.594145,679 2.577758,749 4.108417,838 3.92656,1000 grain
17 2.049482,171 2.577758,173 2.740088,211 3.006843,269 4.164471,307 4.525078,383 2.649942,420 3.594145,542 3.594145,1000 grain
0 1.24103,1 1.061562,5 0.972647,6 1.636161,7 3.01567,35 1.500676,44 2.866464,45 2.165276,60 2.026482,65 1.22138,91 2.945052,92 1.501352,105 0.818276,109 1.536058,133 2.72071,150 1.601783,162 2.346713,181 1.258976,188 2.775089,198 2.254838,199 2.357715,222 1.750887,223 1.284437,250 2.245343,272 3.141086,350 2.52639,900 3.531088,907 3.663518,1000 grain
7 1.902676,39 2.481233,58 0.660244,79 1.908452,113 1.544583,190 2.40356,211 6.013686,238 2.011445,307 6.62912,318 3.097382,363 3.790931,377 2.779707,383 5.299884,440 4.619034,530 5.135386,827 3.130395,877 4.042353,907 5.806538,996 5.341982,1000 grain
1 2.46487,7 4.417876,17 4.758751,65 1.935842,68 2.801961,128 3.166937,171 2.577758,195 1.630311,198 2.254838,207 3.412862,248 2.001423,250 2.245343,256 2.491898,330 2.368895,443 3.324189,528 7.1238,688 5.223994,1000 grain
6 2.593253,7 3.01567,17 2.049482,23 1.622588,56 3.636183,59 1.636161,69 1.482273,162 2.346713,243 2.735528,307 4.525078,383 2.649942,486 3.20155,578 7.327035,744 3.021135,1000 grain
3 1.377668,6 1.636161,24 0.647429,59 2.593253,105 0.818276,107 2.25417,236 5.710013,258 2.832645,285 1.944158,293 3.589093,319 2.533499,367 3.097382,780 3.473293,1000 grain
3 2.183552,6 1.636161,15 0.586686,24 0.647429,58 1.320487,63 1.514369,92 1.501352,146 3.081447,223 1.284437,233 4.580482,243 1.725926,256 2.491898,295 2.965654,567 5.645478,1000 grain