365
4 1.174563,12 1.668219,15 0.586686,24 0.647429,34 1.950293,161 2.008088,398 3.06587,470 5.104437,798 2.625036,1000 acq
4 3.723277,12 1.668219,14 1.616852,15 1.173373,24 1.67358,35 1.500676,48 4.336194,50 3.425242,58 1.046461,72 1.264681,79 1.908452,98 5.622699,105 1.899978,111 4.970402,151 2.264465,168 4.14229,169 2.346713,185 1.767252,193 2.782438,218 2.957951,222 4.065433,226 2.386011,235 3.181384,245 2.089729,249 2.779707,268 3.809552,274 3.566283,285 3.081418,302 6.825294,303 2.028476,354 5.985679,387 2.979113,411 2.749783,734 3.050635,974 3.240068,1000 acq
15 0.929876,24 0.647429,35 0.946821,48 2.448107,58 0.660244,105 0.818276,129 2.64154,249 2.779707,274 2.250074,285 1.944158,353 2.711793,354 2.99284,490 3.324189,1000 acq
5 0.972647,15 0.929876,24 0.647429,60 1.278568,63 1.514369,98 2.421565,105 0.818276,129 2.64154,147 2.060229,285 1.944158,344 3.050635,1000 acq
24 0.647429,62 3.412085,86 2.281867,106 2.165276,107 1.422223,114 2.042409,129 2.64154,154 1.852748,386 3.16506,421 5.442193,1000 acq
4 2.349126,5 0.972647,15 0.586686,20 1.519314,23 1.622588,35 0.946821,58 0.660244,86 1.439698,109 1.536058,150 1.601783,187 2.250074,193 1.755523,207 1.46984,223 1.284437,267 2.001423,281 1.88004,303 2.028476,354 6.949158,421 2.721097,520 3.26016,973 3.26016,1000 acq
12 3.336439,15 0.586686,24 1.026151,30 3.222325,54 1.463705,70 1.490159,74 2.570182,78 1.413648,85 2.284131,97 1.746281,105 1.636552,115 1.145021,145 3.147511,158 2.979793,169 2.346713,195 1.630311,218 1.86626,280 2.190951,303 2.028476,418 3.050635,428 2.878114,511 14.212787,541 3.220541,1000 acq
12 3.336439,15 0.586686,16 1.684823,24 0.647429,97 1.746281,107 2.25417,129 2.64154,301 3.021135,346 2.44005,350 2.52639,352 2.625036,388 3.050635,504 3.220541,549 3.26016,1000 acq
4 1.174563,11 3.038702,12 1.668219,15 1.516562,24 0.647429,34 1.950293,48 1.544583,50 2.161087,58 1.046461,77 5.756024,97 2.76779,98 2.421565,105 0.818276,111 2.485201,127 2.30437,188 1.750887,199 2.357715,223 1.284437,285 1.944158,303 2.028476,350 2.52639,354 2.99284,423 3.16506,458 3.050635,526 3.16506,1000 acq
5 0.972647,48 2.448107,103 2.049482,129 2.64154,142 4.186742,155 4.298089,180 1.511092,235 1.590692,280 2.190951,281 2.979793,292 2.585417,526 3.16506,1000 acq
4 1.174563,15 0.929876,48 1.544583,57 1.454605,90 1.721483,97 1.746281,105 0.818276,111 2.485201,129 2.64154,281 3.760081,314 2.136476,386 3.16506,1000 acq
4 1.174563,15 0.586686,30 2.553632,48 1.544583,57 1.454605,88 3.781738,97 1.746281,98 2.421565,105 0.818276,111 2.485201,281 3.760081,293 2.264465,386 3.16506,398 3.06587,1000 acq
0 1.966986,4 1.861639,15 0.586686,24 0.647429,42 2.12449,48 1.544583,57 1.454605,60 2.026482,105 0.818276,129 2.64154,165 4.598509,206 3.628194,261 2.965654,281 3.760081,470 3.220541,575 3.473293,1000 acq
48 1.544583,60 1.278568,107 2.25417,129 2.64154,259 1.935058,281 3.760081,1000 acq
10 2.204154,12 1.668219,15 0.586686,24 1.67358,34 1.950293,49 2.284131,50 2.161087,60 1.278568,79 1.908452,96 1.852748,105 0.818276,135 2.161087,142 4.186742,153 2.471998,158 4.859834,188 1.750887,200 3.946544,223 1.284437,274 2.250074,280 4.381901,303 3.215059,386 3.16506,411 2.749783,520 3.26016,585 5.645478,770 4.942947,848 3.782635,854 3.473293,930 5.104437,1000 acq
0 3.933971,4 1.861639,5 0.972647,10 7.901809,15 0.586686,16 1.684823,20 2.408056,21 2.259635,24 2.239737,30 3.222325,33 1.680634,35 0.946821,48 1.544583,50 2.161087,51 1.994822,58 1.533038,63 2.400218,65 1.935842,68 2.220502,72 1.264681,73 2.217613,76 2.459041,105 2.933489,130 1.998115,133 2.72071,140 1.874495,154 1.852748,160 2.346713,163 4.186742,165 4.598509,171 2.577758,184 1.891266,206 2.289135,214 2.173729,218 4.824211,235 2.521187,250 2.245343,257 2.031933,274 2.250074,280 3.472575,303 2.028476,408 3.240068,603 5.696585,747 4.58887,775 2.855007,784 4.355645,971 3.594145,973 3.26016,1000 acq
0 1.24103,4 1.174563,65 1.22138,138 2.391811,165 2.299254,231 1.691153,274 2.250074,350 2.52639,386 3.16506,596 3.446107,1000 acq
12 1.668219,24 1.026151,34 1.950293,86 1.439698,96 2.936535,119 2.217613,150 1.601783,206 2.289135,245 3.312142,251 2.832645,303 2.028476,334 2.446323,418 3.050635,549 3.26016,1000 acq
2 1.080624,4 1.174563,5 0.972647,12 4.312285,15 1.362244,24 1.026151,48 2.448107,50 2.161087,86 2.281867,105 1.296937,150 1.601783,158 4.365318,169 2.346713,244 1.728158,267 4.002847,274 2.250074,293 2.264465,303 2.028476,411 2.749783,550 3.627964,968 3.594145,973 3.26016,1000 acq
24 0.647429,58 0.660244,97 1.746281,105 0.818276,137 2.112709,248 2.001423,285 1.944158,303 2.028476,388 3.050635,490 3.324189,975 3.370416,1000 acq
4 1.174563,12 3.336439,15 1.173373,24 1.817563,30 1.611162,34 1.950293,48 3.089167,50 2.161087,86 2.879396,105 1.899978,129 2.64154,142 2.64154,182 3.763578,193 3.511046,206 2.289135,218 1.86626,235 1.590692,244 2.739066,293 2.264465,395 4.03839,411 2.749783,805 3.594145,864 3.92656,1000 acq
2 1.080624,4 2.349126,5 0.972647,15 1.647037,24 1.503284,35 0.946821,47 1.699684,50 4.322175,63 1.514369,72 2.529362,107 1.422223,119 2.217613,135 3.425242,141 3.288515,158 1.88004,169 2.346713,182 3.763578,188 1.750887,193 1.755523,222 1.750887,223 2.035784,238 2.011445,255 2.562689,257 2.031933,267 3.172181,280 3.472575,281 1.88004,335 3.781738,395 2.54794,455 6.366129,520 5.167232,532 4.835142,1000 acq
0 2.482059,4 1.861639,12 4.312285,15 0.929876,24 1.026151,30 3.741003,50 2.161087,58 0.660244,105 2.115213,133 2.156111,142 2.64154,153 2.471998,158 6.245359,165 5.943486,182 2.374554,193 2.782438,204 2.330529,244 1.728158,261 2.965654,280 3.472575,303 3.215059,341 2.939494,350 5.05278,372 4.227187,411 4.358302,441 3.20155,491 3.346917,819 4.108417,977 3.627964,1000 acq
2 1.080624,4 1.861639,5 2.258416,12 5.004658,15 1.173373,24 1.67358,30 1.611162,97 1.746281,105 0.818276,133 1.360355,150 1.601783,154 1.852748,158 2.979793,166 2.667058,179 2.600994,181 1.258976,190 2.40356,206 3.628194,213 3.27689,218 2.957951,244 1.728158,250 3.558784,267 3.172181,285 3.081418,303 2.028476,481 2.979113,1000 acq
2 1.080624,4 1.861639,5 1.541608,12 5.004658,15 1.362244,24 1.503284,35 0.946821,48 3.089167,50 2.161087,54 2.319918,97 4.054739,105 0.818276,119 2.217613,129 2.64154,142 2.64154,150 2.538765,158 3.760081,213 3.27689,222 1.750887,244 1.728158,267 4.647161,285 3.081418,302 2.939494,303 4.056953,441 3.20155,840 3.147511,1000 acq
4 1.174563,12 2.644065,24 1.026151,30 2.553632,48 3.586412,60 1.278568,105 1.636552,107 2.25417,133 1.360355,153 2.471998,158 4.365318,167 2.702612,193 1.755523,293 2.264465,526 3.16506,1000 acq
12 2.644065,30 2.553632,60 2.026482,86 2.281867,97 4.054739,98 3.838089,102 1.632256,105 1.899978,133 2.72071,180 1.511092,245 2.089729,272 1.981805,300 2.821729,441 5.074336,526 3.16506,1000 acq
4 1.861639,15 0.586686,85 4.568261,97 1.746281,129 2.64154,155 2.711793,222 1.750887,346 2.44005,490 3.324189,1000 acq
1 1.061562,43 1.88563,48 1.544583,52 1.485417,54 1.463705,72 2.004472,98 2.421565,112 4.193809,172 2.12449,197 3.93895,205 2.984214,207 1.46984,222 1.750887,224 4.561702,231 1.691153,245 4.852201,267 2.001423,332 2.843736,428 2.878114,523 3.501588,585 3.5619,607 3.5619,608 3.5619,915 3.594145,1000 acq
2 1.712749,86 1.439698,118 2.104964,174 1.950293,200 1.699684,218 1.86626,238 2.011445,255 2.562689,269 2.082236,293 2.264465,490 3.324189,708 4.108417,1000 acq
2 1.080624,4 1.174563,15 0.929876,24 0.647429,50 3.425242,86 1.439698,105 0.818276,119 2.217613,151 2.264465,152 2.254838,169 2.346713,182 2.374554,188 1.750887,203 2.144583,219 2.116614,339 2.386011,421 2.721097,455 3.183065,472 3.050635,1000 acq
15 0.586686,45 2.165276,48 1.544583,60 1.278568,97 1.746281,105 0.818276,169 2.346713,352 2.625036,1000 acq
15 0.929876,60 1.278568,105 0.818276,111 2.485201,169 2.346713,1000 acq
48 2.448107,109 1.536058,119 2.217613,154 1.852748,182 2.374554,245 2.089729,1000 acq
4 1.174563,5 0.972647,7 1.902676,10 2.204154,12 2.644065,15 0.586686,24 1.942287,30 1.611162,49 4.568261,58 0.660244,86 2.281867,98 3.838089,105 0.818276,119 3.514834,131 1.902676,133 1.360355,141 2.074822,152 2.254838,154 3.705495,169 2.346713,188 3.501773,193 4.537961,200 2.693935,218 2.957951,222 1.750887,223 1.284437,233 4.580482,238 2.011445,280 2.190951,285 1.944158,335 2.386011,1000 acq
2 1.712749,4 2.349126,5 2.514255,12 1.668219,15 1.173373,19 1.788877,30 1.611162,58 0.660244,92 1.501352,165 2.299254,180 1.511092,213 3.27689,218 1.86626,223 1.284437,245 3.312142,248 2.001423,412 2.866464,532 4.835142,1000 acq
4 1.174563,12 1.668219,15 0.929876,24 0.647429,50 3.425242,54 1.463705,58 0.660244,72 1.264681,92 1.501352,188 1.750887,192 4.097789,222 2.775089,285 1.944158,350 2.52639,673 2.914286,716 3.419947,943 2.855007,1000 acq
5 0.972647,12 2.644065,15 0.586686,24 1.026151,105 0.818276,107 1.422223,129 2.64154,350 2.52639,411 2.749783,445 2.878114,1000 acq
4 2.727251,12 2.644065,70 1.490159,78 1.413648,86 1.439698,97 1.746281,131 3.805351,177 2.341276,196 2.021613,222 2.775089,267 2.001423,281 1.88004,335 4.772022,354 2.99284,509 3.473293,596 3.446107,638 2.711793,1000 acq
0 1.24103,4 1.861639,24 0.647429,30 1.611162,79 1.908452,88 2.386011,105 1.296937,1000 acq
4 1.174563,15 1.647037,18 2.335882,39 1.565484,42 4.248981,44 4.543238,60 3.589393,86 1.439698,111 2.485201,119 2.217613,139 5.931308,148 2.491898,155 2.711793,159 2.264465,195 1.630311,206 3.628194,207 1.46984,230 6.502327,241 2.730527,274 2.250074,346 2.44005,366 5.135386,614 3.531088,679 2.577758,720 3.82737,797 3.006843,1000 acq
4 1.861639,12 1.668219,28 1.436755,68 1.400981,78 2.240578,88 3.781738,97 3.492562,98 2.421565,114 2.042409,133 1.360355,166 2.667058,272 1.981805,350 2.52639,421 2.721097,1000 acq
48 1.544583,62 2.152786,86 2.281867,154 1.852748,165 3.644232,218 1.86626,245 3.312142,1000 acq
15 0.586686,24 0.647429,48 1.544583,60 1.278568,86 2.281867,128 1.998115,142 2.64154,159 2.264465,166 4.227187,207 1.46984,223 1.284437,789 3.594145,1000 acq
4 1.861639,15 0.586686,24 0.647429,48 1.544583,86 2.281867,98 2.421565,142 2.64154,160 2.346713,166 6.192717,180 1.511092,204 2.330529,207 1.46984,223 1.284437,235 1.590692,274 2.250074,285 1.944158,302 2.939494,303 2.028476,433 2.843736,1000 acq
4 2.349126,5 0.972647,30 1.611162,48 1.544583,72 1.264681,86 1.439698,115 1.814816,133 1.360355,142 4.186742,166 2.667058,179 2.600994,267 2.001423,732 3.394739,1000 acq
4 1.174563,5 0.972647,15 0.586686,48 3.586412,85 2.284131,93 1.504583,169 2.346713,182 3.763578,244 1.728158,245 2.089729,293 2.264465,382 3.130395,389 8.34717,411 2.749783,449 5.016501,1000 acq
4 1.861639,5 1.541608,12 2.644065,34 1.950293,35 1.893643,48 2.448107,58 0.660244,96 2.936535,97 1.746281,182 2.374554,188 1.750887,206 2.289135,219 4.233227,280 4.381901,314 2.136476,389 5.266478,1000 acq
2 1.080624,4 2.349126,5 1.945293,12 2.644065,15 0.929876,24 1.294858,39 1.565484,48 3.586412,50 2.161087,57 2.305494,58 0.660244,60 3.30505,85 2.284131,93 2.384708,98 2.421565,105 1.636552,107 1.422223,111 2.485201,119 2.217613,182 2.374554,188 1.750887,218 1.86626,257 2.031933,285 1.944158,293 2.264465,302 2.939494,350 2.52639,389 8.747431,423 3.16506,894 4.263088,1000 acq
12 2.644065,15 0.929876,18 3.702285,24 0.647429,31 1.899806,57 2.305494,105 0.818276,107 1.422223,129 2.64154,163 4.186742,230 2.8004,285 1.944158,470 5.104437,1000 acq
0 3.933971,4 1.861639,5 1.945293,12 3.336439,14 2.562649,15 1.362244,16 1.684823,22 2.028476,24 0.647429,30 2.553632,34 1.950293,42 2.12449,43 1.88563,47 1.699684,50 4.322175,57 1.454605,58 1.706705,63 1.514369,65 1.935842,76 3.897488,84 2.152786,86 2.281867,98 2.421565,105 2.593874,114 2.042409,133 2.72071,135 4.322175,158 4.859834,184 1.891266,195 2.583982,204 2.330529,206 3.628194,208 1.611162,214 3.445278,218 3.732519,227 2.078519,244 1.728158,245 3.312142,251 2.832645,257 2.031933,268 2.40356,274 2.250074,303 4.056953,350 4.004233,363 2.391811,403 2.721097,418 3.050635,421 2.721097,423 3.16506,481 2.979113,504 3.220541,627 3.782635,679 2.577758,734 3.050635,782 4.58887,793 2.740088,795 3.782635,797 3.006843,841 3.594145,902 3.081447,928 4.580482,973 3.26016,977 3.627964,1000 acq
0 1.24103,5 0.972647,15 0.929876,24 1.294858,30 1.611162,34 3.091141,42 3.367238,47 3.946544,58 0.660244,60 1.278568,103 2.049482,105 1.296937,115 1.145021,135 5.017889,158 2.979793,168 4.14229,298 2.325218,303 3.215059,363 2.391811,389 2.633239,687 3.183065,1000 acq
4 1.861639,12 3.336439,15 1.173373,24 0.647429,30 3.222325,48 2.448107,50 2.161087,85 2.284131,86 1.439698,105 1.636552,115 1.145021,155 5.423585,158 1.88004,227 2.078519,280 2.190951,293 3.589093,303 2.028476,437 2.675777,1000 acq
12 3.873485,15 0.929876,24 1.294858,30 1.611162,34 3.091141,50 4.322175,271 2.600994,280 2.190951,293 2.264465,411 2.749783,445 5.756227,1000 acq
12 2.644065,24 0.647429,85 2.284131,97 1.746281,193 1.755523,285 1.944158,346 2.44005,490 3.324189,780 3.473293,1000 acq
0 1.966986,4 1.861639,15 0.586686,16 1.684823,24 1.294858,34 1.950293,48 1.544583,63 1.514369,105 1.636552,129 2.64154,163 2.64154,165 3.644232,214 2.173729,218 1.86626,244 1.728158,303 2.028476,730 3.20155,752 3.097382,1000 acq
12 3.873485,15 1.173373,24 1.294858,34 1.950293,48 2.448107,57 1.454605,85 3.620261,93 1.504583,105 1.636552,119 2.217613,142 2.64154,154 1.852748,158 4.365318,244 1.728158,274 2.250074,280 3.472575,302 2.939494,441 3.20155,445 5.756227,585 3.5619,950 3.700994,1000 acq
4 1.861639,15 1.173373,30 2.553632,34 1.950293,47 1.699684,48 3.089167,50 4.322175,52 2.970833,54 1.463705,60 2.026482,72 2.004472,112 4.193809,113 1.544583,131 1.902676,155 4.298089,161 2.008088,182 2.374554,200 1.699684,219 2.116614,222 4.91536,223 1.284437,244 1.728158,267 4.647161,268 2.40356,321 3.006843,427 3.16506,437 2.675777,526 3.16506,532 6.101271,614 3.531088,729 3.220541,805 3.594145,973 3.26016,1000 acq
4 1.174563,24 0.647429,50 2.161087,105 0.818276,129 2.64154,133 1.360355,169 2.346713,244 1.728158,1000 acq
15 1.173373,24 0.647429,48 1.544583,85 2.284131,86 1.439698,103 2.049482,158 1.88004,161 2.008088,182 2.374554,280 3.472575,441 3.20155,1000 acq
4 1.861639,12 2.644065,15 1.173373,34 1.950293,35 1.893643,50 2.161087,52 2.354329,54 1.463705,112 2.86272,113 1.544583,115 1.814816,155 2.711793,158 1.88004,272 1.981805,304 4.227187,411 2.749783,426 2.902018,532 6.101271,729 3.220541,983 2.952451,1000 acq
4 1.174563,12 2.644065,15 0.929876,34 1.950293,35 1.500676,50 2.161087,52 2.354329,54 1.463705,92 1.501352,103 4.098965,112 2.86272,113 1.544583,115 1.145021,181 1.258976,208 1.611162,247 2.274228,274 2.250074,298 2.325218,304 2.667058,426 4.599589,532 6.101271,614 3.531088,1000 acq
0 1.24103,12 1.668219,15 1.173373,30 1.611162,34 1.950293,50 3.425242,52 2.970833,54 1.463705,86 2.281867,112 3.612351,155 2.711793,181 1.99543,182 2.374554,195 1.630311,222 1.750887,244 1.728158,262 3.006843,267 2.001423,532 4.835142,845 3.82737,975 3.370416,1000 acq
4 2.349126,24 0.647429,48 1.544583,105 0.818276,107 2.25417,119 2.217613,206 2.289135,285 3.081418,796 4.942947,1000 acq
0 1.966986,4 1.174563,5 0.972647,12 1.668219,15 0.586686,24 0.647429,34 1.950293,48 1.544583,59 1.636161,60 2.026482,105 0.818276,107 1.422223,119 2.217613,131 1.902676,155 2.711793,169 2.346713,215 6.133467,293 2.264465,328 3.16506,388 3.050635,490 3.324189,585 3.5619,650 4.108417,993 3.82737,1000 acq
2 1.080624,4 1.174563,15 0.586686,24 0.647429,48 3.586412,57 1.454605,58 0.660244,105 0.818276,107 1.422223,111 2.485201,193 1.755523,270 2.014818,293 2.264465,820 3.663518,1000 acq
0 1.24103,4 1.174563,5 0.972647,45 2.165276,57 1.454605,92 3.002703,105 0.818276,168 2.071145,188 1.750887,206 3.628194,222 2.775089,223 2.035784,231 2.680414,245 3.312142,247 2.274228,656 3.82737,1000 acq
4 1.861639,11 1.917208,15 0.586686,16 1.684823,57 1.454605,102 1.632256,105 1.296937,127 2.30437,151 2.264465,193 1.755523,195 1.630311,245 3.312142,303 2.028476,350 2.52639,888 3.302182,1000 acq
4 2.349126,15 0.586686,57 1.454605,69 1.482273,133 1.360355,165 2.299254,193 1.755523,256 2.491898,350 2.52639,388 3.050635,1000 acq
4 1.861639,11 1.917208,17 2.049482,24 1.026151,83 2.108825,105 1.296937,106 2.165276,154 1.852748,184 1.891266,195 1.630311,331 2.952451,437 2.675777,454 3.324189,1000 acq
4 1.174563,12 3.873485,15 1.516562,24 0.647429,30 1.611162,48 1.544583,85 2.284131,86 1.439698,103 3.248353,105 0.818276,107 1.422223,133 1.360355,135 2.161087,158 4.859834,161 2.008088,182 2.374554,244 2.739066,280 2.190951,346 5.66562,411 2.749783,1000 acq
15 0.929876,16 1.684823,18 3.702285,24 1.026151,48 1.544583,57 1.454605,67 1.969027,105 0.818276,129 2.64154,212 3.26016,327 2.979113,329 3.419947,350 2.52639,379 3.594145,418 3.050635,470 5.104437,572 3.663518,987 2.427672,1000 acq
12 2.644065,30 1.611162,85 2.284131,86 1.439698,105 0.818276,107 1.422223,119 2.217613,155 4.298089,398 3.06587,614 3.531088,1000 acq
12 2.644065,15 0.929876,24 1.503284,30 1.611162,34 3.091141,39 2.481233,50 2.161087,58 0.660244,84 2.152786,86 1.439698,96 3.705495,263 2.952451,303 2.028476,445 2.878114,1000 acq
81 1.88283,107 1.422223,111 2.485201,169 2.346713,220 3.097382,274 2.250074,386 3.16506,455 3.183065,1000 acq
2 1.712749,35 0.946821,47 1.699684,65 1.22138,98 2.421565,106 2.165276,203 2.144583,421 2.721097,730 3.20155,1000 acq
12 1.668219,15 0.929876,50 2.161087,78 2.240578,86 1.439698,97 1.746281,129 2.64154,142 2.64154,161 2.008088,218 2.957951,223 2.035784,250 2.245343,267 3.172181,285 1.944158,1000 acq
24 0.647429,48 1.544583,60 2.026482,105 0.818276,119 3.514834,182 3.763578,218 1.86626,257 2.031933,339 2.386011,1000 acq
4 1.861639,54 1.463705,86 1.439698,92 1.501352,164 2.082236,174 1.950293,200 2.693935,222 1.750887,223 1.284437,235 1.590692,238 3.188065,247 2.274228,255 2.562689,267 2.001423,269 2.082236,281 1.88004,314 2.136476,460 3.130395,520 3.26016,550 3.627964,1000 acq
5 0.972647,15 0.586686,35 0.946821,48 1.544583,50 2.161087,57 1.454605,58 0.660244,63 2.400218,86 1.439698,131 1.902676,178 2.156924,204 2.330529,222 2.775089,267 2.001423,390 2.789976,411 2.749783,426 4.599589,596 5.46195,814 3.06587,937 3.346917,1000 acq
4 1.861639,15 0.586686,18 3.702285,24 1.026151,57 1.454605,67 1.969027,86 1.439698,105 0.818276,166 2.667058,212 5.167232,350 5.866096,366 3.240068,388 3.050635,398 3.06587,437 2.675777,549 3.26016,1000 acq
4 1.861639,12 2.644065,15 0.929876,24 1.817563,30 3.222325,34 3.900585,35 0.946821,48 1.544583,50 2.161087,60 1.278568,85 2.284131,86 2.281867,93 1.504583,96 5.20132,97 1.746281,113 1.544583,158 4.365318,161 3.182745,193 1.755523,218 1.86626,222 1.750887,235 1.590692,280 2.190951,303 3.215059,395 4.03839,403 2.721097,411 2.749783,526 3.16506,1000 acq
4 2.727251,24 1.026151,48 2.448107,86 1.439698,105 1.296937,154 3.705495,218 1.86626,267 2.001423,274 2.250074,285 1.944158,397 6.917287,1000 acq
4 1.861639,24 0.647429,34 1.950293,41 2.259635,96 1.852748,111 2.485201,154 1.852748,169 2.346713,182 2.374554,204 2.330529,219 2.116614,1000 acq
0 2.881582,4 3.297416,5 1.541608,15 0.929876,21 3.581437,24 1.294858,32 1.858121,45 2.165276,48 1.544583,58 1.320487,63 1.514369,65 1.22138,67 1.969027,76 3.897488,84 3.412085,85 2.284131,105 2.115213,133 1.360355,151 3.589093,165 5.943486,235 1.590692,242 3.097382,261 2.965654,732 3.394739,1000 acq
4 1.174563,12 1.668219,15 0.586686,129 2.64154,133 2.156111,293 3.589093,388 4.835142,532 3.050635,766 3.782635,1000 acq
11 3.038702,15 0.586686,24 1.817563,34 1.950293,35 0.946821,58 0.660244,86 1.439698,105 1.899978,107 1.422223,129 2.64154,179 2.600994,206 2.289135,222 1.750887,263 2.952451,1000 acq
2 1.080624,4 1.174563,12 1.668219,15 0.929876,16 1.684823,24 0.647429,28 1.436755,86 2.281867,129 2.64154,179 2.600994,193 1.755523,255 2.562689,264 2.380259,585 3.5619,987 2.427672,1000 acq
2 1.080624,4 1.174563,5 1.945293,12 6.517551,15 0.586686,24 2.589716,30 3.222325,48 2.448107,58 1.533038,74 2.570182,78 1.413648,86 1.439698,97 1.746281,115 1.145021,119 2.217613,133 2.72071,150 1.601783,158 1.88004,161 2.008088,162 2.346713,169 3.719452,180 1.511092,181 1.258976,182 2.374554,222 2.775089,245 2.089729,280 3.472575,285 4.514196,300 2.821729,304 2.667058,388 3.050635,389 2.633239,400 6.480136,526 3.16506,576 3.5619,585 3.5619,650 4.108417,725 3.370416,729 3.220541,983 2.952451,1000 acq
0 1.24103,4 1.861639,12 1.668219,63 1.514369,129 2.64154,133 1.360355,165 2.299254,182 2.374554,266 2.446323,293 2.264465,350 4.004233,352 2.625036,388 3.050635,449 3.16506,1000 acq
4 1.174563,12 1.668219,30 2.553632,48 2.448107,57 1.454605,69 1.482273,85 2.284131,105 1.296937,111 2.485201,133 1.360355,1000 acq
4 1.174563,142 2.64154,222 1.750887,694 3.501588,1000 acq
4 1.174563,12 1.668219,57 1.454605,158 1.88004,223 1.284437,346 2.44005,1000 acq
2 2.793373,11 1.917208,24 0.647429,111 2.485201,214 2.173729,245 3.312142,255 2.562689,264 2.380259,269 4.834802,455 3.183065,1000 acq
2 2.793373,11 1.917208,24 0.647429,58 0.660244,69 1.482273,111 2.485201,214 3.445278,245 3.312142,255 2.562689,264 2.380259,269 4.834802,455 3.183065,1000 acq
12 1.668219,15 0.929876,24 0.647429,30 3.222325,34 3.091141,79 1.908452,96 1.852748,133 1.360355,158 1.88004,193 1.755523,303 2.028476,445 5.756227,1000 acq
4 1.174563,24 0.647429,142 2.64154,155 5.423585,196 4.043227,304 4.227187,412 2.866464,1000 acq
4 1.861639,5 0.972647,118 2.104964,129 2.64154,178 3.418644,218 1.86626,267 2.001423,596 5.46195,1000 acq
24 0.647429,48 1.544583,60 1.278568,70 1.490159,105 0.818276,111 2.485201,155 2.711793,274 2.250074,437 8.02733,1000 acq
2 1.712749,15 0.586686,50 2.161087,86 1.439698,152 2.254838,181 1.258976,190 2.40356,975 3.370416,1000 acq
10 6.187842,12 3.336439,15 1.173373,16 2.670381,24 1.294858,30 3.222325,35 1.500676,42 2.12449,48 1.544583,58 0.660244,85 2.284131,97 1.746281,105 1.899978,115 1.145021,133 3.158646,142 4.186742,151 2.264465,158 5.27794,193 1.755523,206 2.289135,244 2.739066,274 3.566283,287 2.939494,303 2.028476,372 2.667058,411 2.749783,910 3.473293,1000 acq
0 1.24103,10 3.493501,15 0.929876,22 2.028476,24 1.026151,30 1.611162,35 0.946821,42 2.12449,48 1.544583,57 2.305494,63 1.514369,65 1.22138,85 2.284131,105 1.296937,133 1.360355,142 2.64154,163 2.64154,165 2.299254,193 1.755523,244 1.728158,245 4.852201,274 2.250074,280 2.190951,293 3.589093,411 2.749783,441 3.20155,789 3.594145,820 3.663518,971 3.594145,1000 acq
12 1.668219,15 0.586686,48 1.544583,85 2.284131,86 1.439698,103 2.049482,135 2.161087,158 1.88004,161 2.008088,182 2.374554,244 1.728158,280 3.472575,346 2.44005,398 3.06587,1000 acq
4 1.861639,15 0.586686,34 3.091141,41 2.259635,50 2.161087,60 2.026482,98 2.421565,119 2.217613,207 1.46984,208 1.611162,219 2.116614,290 2.505489,386 3.16506,426 2.902018,1000 acq
4 1.174563,15 1.173373,50 2.161087,60 1.278568,78 1.413648,86 2.281867,97 1.746281,98 2.421565,161 2.008088,223 1.284437,267 2.001423,789 3.594145,1000 acq
4 3.901814,15 0.929876,24 1.026151,30 3.741003,41 2.259635,48 1.544583,58 1.046461,86 2.879396,88 3.781738,97 2.76779,105 2.115213,113 1.544583,129 2.64154,178 2.156924,235 1.590692,244 2.739066,248 2.001423,257 2.031933,268 2.40356,274 2.250074,280 2.190951,285 3.081418,815 3.021135,885 4.181447,971 3.594145,1000 acq
2 1.080624,4 1.174563,24 0.647429,33 1.680634,41 2.259635,60 2.557135,72 1.264681,98 3.838089,105 0.818276,188 1.750887,219 2.116614,267 3.172181,274 2.250074,293 3.589093,357 4.269177,1000 acq
2 1.080624,4 1.174563,24 0.647429,33 1.680634,41 2.259635,60 2.557135,72 1.264681,98 3.838089,105 0.818276,188 1.750887,219 2.116614,267 3.172181,274 2.250074,293 3.589093,357 4.269177,1000 acq
4 1.861639,24 1.294858,34 5.850878,35 0.946821,58 1.046461,84 2.152786,86 2.281867,89 2.368895,96 3.705495,97 1.746281,115 1.145021,205 1.88283,206 2.289135,222 1.750887,245 3.312142,267 2.001423,301 3.021135,470 3.220541,585 5.645478,716 3.419947,837 3.16506,842 3.081447,1000 acq
4 1.861639,35 0.946821,48 1.544583,50 2.161087,58 0.660244,154 2.936535,257 2.031933,267 2.001423,426 4.599589,1000 acq
15 0.929876,35 0.946821,50 3.425242,72 1.264681,118 2.104964,119 2.217613,174 3.091141,200 3.399368,222 2.775089,238 3.188065,255 2.562689,267 2.001423,285 1.944158,336 2.421565,812 3.324189,905 3.875192,1000 acq
155 2.711793,798 2.625036,1000 acq
15 0.586686,111 2.485201,133 1.360355,386 3.16506,549 3.26016,1000 acq
2 3.241873,4 1.174563,5 2.258416,12 1.668219,15 1.173373,28 1.436755,30 1.611162,34 3.091141,48 1.544583,58 1.320487,68 1.400981,86 1.439698,90 1.721483,111 2.485201,142 2.64154,182 3.763578,193 1.755523,200 1.699684,218 1.86626,222 1.750887,223 1.284437,227 3.294375,255 5.125377,264 2.380259,302 2.939494,335 2.386011,352 2.625036,449 3.16506,596 3.446107,659 3.20155,1000 acq
4 1.861639,12 5.771091,15 1.173373,24 1.294858,34 3.091141,48 2.448107,58 0.660244,69 1.482273,86 2.281867,97 2.76779,105 1.899978,133 1.360355,135 2.161087,158 3.760081,169 2.346713,182 2.374554,285 1.944158,346 3.867387,352 5.250072,403 2.721097,411 2.749783,885 4.181447,956 3.419947,974 3.240068,1000 acq
4 1.174563,15 0.586686,24 0.647429,30 3.222325,34 1.950293,48 2.448107,86 3.342875,90 1.721483,105 1.296937,115 1.145021,135 4.322175,158 5.640121,181 1.258976,193 1.755523,280 2.190951,319 2.533499,395 2.54794,398 3.06587,879 3.006843,919 3.021135,926 3.982041,956 3.419947,1000 acq
4 1.174563,12 4.312285,24 1.294858,30 1.611162,34 3.091141,58 0.660244,86 1.439698,111 2.485201,115 1.145021,133 1.360355,182 2.374554,235 1.590692,280 2.190951,372 2.667058,679 2.577758,1000 acq
45 2.165276,59 1.636161,65 1.22138,285 3.081418,291 2.30437,293 2.264465,314 4.272952,627 7.56527,652 3.26016,896 3.501588,1000 acq
4 1.174563,12 3.336439,15 0.929876,30 1.611162,48 1.544583,60 1.278568,105 0.818276,129 2.64154,142 2.64154,158 1.88004,169 2.346713,280 2.190951,346 3.867387,352 2.625036,1000 acq
15 0.586686,50 2.161087,161 2.008088,182 2.374554,198 2.254838,267 2.001423,274 2.250074,285 1.944158,357 2.693551,437 2.675777,458 3.050635,585 3.5619,1000 acq
98 2.421565,129 2.64154,490 3.324189,1000 acq
1 1.682535,4 2.349126,13 1.539455,15 0.586686,20 1.519314,23 2.571741,24 0.647429,25 1.485417,27 2.267931,35 0.946821,47 3.946544,48 2.448107,52 3.44903,54 1.463705,57 2.305494,58 1.046461,72 2.529362,84 2.152786,86 1.439698,98 2.421565,101 1.66413,105 0.818276,109 1.536058,112 8.170346,127 2.30437,142 6.133467,147 3.265386,150 1.601783,155 2.711793,158 1.88004,161 4.016176,195 2.583982,200 3.946544,203 3.399084,207 1.46984,218 1.86626,222 5.550179,224 2.878114,232 2.148672,235 1.590692,257 2.031933,259 1.935058,280 4.381901,285 3.081418,303 3.215059,354 7.736378,394 3.081447,409 2.979113,424 3.06587,605 3.700994,656 3.82737,659 3.20155,730 3.20155,736 3.700994,848 3.782635,879 3.006843,916 2.570182,920 2.939494,1000 acq
2 1.080624,12 3.336439,15 0.929876,24 1.026151,30 3.222325,35 0.946821,48 2.448107,50 2.161087,57 2.305494,79 3.024825,90 1.721483,105 1.636552,129 2.64154,149 2.64154,161 2.008088,193 1.755523,312 2.616929,346 3.867387,1000 acq
15 1.362244,24 1.817563,48 1.544583,86 2.281867,105 2.297192,111 2.485201,153 2.471998,169 2.346713,257 3.220538,291 2.30437,335 3.781738,346 2.44005,395 2.54794,1000 acq
2 1.712749,4 1.861639,5 1.945293,15 1.362244,16 1.684823,24 1.294858,30 1.611162,34 3.091141,35 1.500676,48 2.448107,50 2.161087,60 1.278568,79 3.024825,89 2.368895,90 1.721483,98 3.838089,105 2.115213,119 2.217613,151 3.589093,158 1.88004,161 5.190833,174 1.950293,179 4.122478,181 1.258976,182 2.374554,187 2.250074,219 2.116614,257 3.220538,274 2.250074,275 2.433833,285 1.944158,319 2.533499,335 2.386011,409 2.979113,411 2.749783,437 2.675777,915 3.594145,1000 acq
1 1.061562,12 1.668219,15 0.929876,24 0.647429,48 1.544583,50 2.161087,52 1.485417,54 1.463705,59 2.593253,60 2.026482,63 3.516256,92 1.501352,98 3.838089,105 0.818276,107 2.25417,112 5.72544,129 5.283081,148 2.491898,161 2.008088,218 1.86626,222 1.750887,223 1.284437,224 2.878114,226 2.386011,232 2.148672,235 2.521187,245 4.852201,267 4.002847,281 2.979793,285 3.081418,290 2.505489,293 2.264465,322 5.074336,350 2.52639,354 2.99284,363 3.790931,385 4.298089,409 2.979113,457 3.081447,481 4.721783,605 3.700994,775 2.855007,1000 acq
4 2.727251,15 0.586686,23 1.622588,35 0.946821,48 1.544583,78 1.413648,107 1.422223,116 2.173729,129 2.64154,137 2.112709,155 2.711793,158 1.88004,169 2.346713,193 1.755523,206 2.289135,218 1.86626,223 2.035784,224 4.561702,232 2.148672,257 2.031933,280 2.190951,293 3.589093,302 2.939494,388 4.835142,395 4.03839,773 5.806538,1000 acq
2 3.425498,4 2.349126,16 1.684823,32 1.858121,47 3.399368,60 1.278568,62 2.152786,90 1.721483,109 1.536058,150 1.601783,161 3.182745,193 2.782438,203 4.289166,207 1.46984,218 1.86626,222 4.065433,234 2.616929,250 3.558784,270 3.193411,281 1.88004,335 7.563475,419 2.8004,653 2.625036,779 3.782635,879 3.006843,1000 acq
0 1.24103,3 2.183552,4 1.174563,10 2.204154,15 0.586686,24 1.503284,30 1.611162,49 2.284131,58 0.660244,60 1.278568,63 2.400218,70 1.490159,71 2.421565,86 2.281867,98 2.421565,105 1.296937,107 2.844445,109 1.536058,118 4.887575,130 1.998115,133 1.360355,154 1.852748,174 1.950293,200 3.399368,204 2.330529,206 2.289135,222 1.750887,235 1.590692,290 2.505489,335 2.386011,411 2.749783,450 3.26016,596 3.446107,1000 acq
10 4.408308,15 0.586686,24 1.294858,30 2.553632,49 2.284131,60 2.026482,86 1.439698,98 2.421565,105 1.636552,152 2.254838,158 1.88004,181 1.258976,188 1.750887,195 1.630311,200 3.946544,274 4.500149,285 3.081418,596 3.446107,1000 acq
4 2.727251,10 2.204154,34 1.950293,54 1.463705,60 1.278568,86 1.439698,98 2.421565,129 2.64154,131 3.01567,142 2.64154,158 1.88004,169 2.346713,200 2.693935,218 1.86626,280 3.472575,366 3.240068,992 3.5619,1000 acq
4 1.174563,10 3.493501,24 0.647429,30 1.611162,49 3.620261,60 2.026482,86 1.439698,105 0.818276,111 2.485201,119 2.217613,152 2.254838,169 3.719452,181 1.258976,200 3.399368,596 3.446107,1000 acq
4 1.174563,60 1.278568,85 2.284131,107 1.422223,155 4.298089,490 3.324189,1000 acq
2 1.080624,4 1.174563,30 1.611162,86 1.439698,90 3.442965,98 2.421565,105 0.818276,107 1.422223,131 1.902676,245 2.089729,398 3.06587,490 3.324189,1000 acq
2 2.161249,4 1.861639,5 0.972647,6 3.272321,35 0.946821,45 2.165276,47 6.4713,48 2.448107,54 1.463705,58 1.320487,72 1.264681,84 2.152786,90 1.721483,91 2.945052,98 2.421565,109 3.970651,137 2.112709,158 1.88004,169 2.346713,174 1.950293,182 2.374554,193 1.755523,203 4.289166,208 1.611162,216 2.505489,235 2.521187,250 5.213525,257 2.031933,280 4.381901,285 3.888317,293 2.264465,346 2.44005,350 2.52639,354 4.743538,355 4.455302,437 2.675777,441 3.20155,442 4.422008,575 3.473293,802 3.324189,1000 acq
2 2.161249,4 1.174563,48 1.544583,98 2.421565,107 1.422223,265 2.491898,285 1.944158,302 2.939494,335 2.386011,820 3.663518,1000 acq
2 1.712749,5 0.972647,12 1.668219,24 1.026151,48 1.544583,85 2.284131,98 3.838089,105 1.636552,119 2.217613,133 1.360355,196 4.043227,206 3.628194,248 2.001423,293 2.264465,352 2.625036,354 2.99284,388 3.050635,1000 acq
2 1.712749,12 2.644065,15 0.929876,30 1.611162,86 1.439698,97 1.746281,105 0.818276,135 2.161087,158 1.88004,193 1.755523,303 2.028476,352 5.250072,395 2.54794,1000 acq
4 1.174563,15 1.760059,35 1.500676,50 3.425242,58 0.660244,72 1.264681,86 2.879396,92 1.501352,111 2.485201,119 2.217613,141 2.074822,188 2.775089,218 1.86626,255 2.562689,269 2.082236,270 3.193411,280 4.381901,281 1.88004,285 1.944158,335 2.386011,403 2.721097,455 3.183065,520 3.26016,532 7.083356,585 3.5619,779 3.782635,1000 acq
4 1.174563,5 0.972647,12 2.644065,15 1.516562,24 0.647429,30 1.611162,48 1.544583,50 3.425242,58 1.046461,85 2.284131,105 1.899978,115 1.814816,129 2.64154,133 1.360355,142 2.64154,154 1.852748,158 3.760081,257 2.031933,280 2.190951,303 2.028476,335 3.781738,1000 acq
4 1.174563,15 0.586686,34 1.950293,48 2.448107,85 2.284131,107 2.25417,133 1.360355,155 2.711793,166 2.667058,169 2.346713,180 1.511092,303 3.215059,388 3.050635,490 3.324189,614 3.531088,1000 acq
4 1.174563,15 0.586686,30 1.611162,34 1.950293,35 0.946821,50 2.161087,52 2.354329,60 2.557135,72 1.264681,86 1.439698,158 1.88004,437 2.675777,532 3.050635,614 3.531088,1000 acq
8 1.348617,12 2.644065,15 0.929876,24 0.647429,30 1.611162,50 2.161087,86 1.439698,107 1.422223,129 2.64154,193 1.755523,267 2.001423,270 2.014818,372 2.667058,457 3.081447,1000 acq
2 3.241873,5 0.972647,11 1.917208,12 3.336439,15 1.173373,24 1.942287,30 3.222325,58 1.046461,72 2.529362,78 2.240578,85 2.284131,86 2.281867,92 1.501352,97 1.746281,119 3.514834,133 2.156111,140 1.874495,141 2.074822,152 2.254838,158 2.979793,169 2.346713,188 2.775089,193 3.511046,203 3.399084,223 1.284437,238 2.011445,285 1.944158,335 3.781738,384 2.740088,395 2.54794,449 3.16506,638 2.711793,1000 acq
24 1.026151,48 1.544583,50 3.425242,58 0.660244,68 1.400981,105 0.818276,107 1.422223,179 2.600994,222 1.750887,223 1.284437,267 2.001423,274 2.250074,409 2.979113,1000 acq
15 0.586686,24 0.647429,35 0.946821,60 1.278568,86 3.342875,92 3.002703,115 1.145021,180 1.511092,188 1.750887,235 1.590692,238 2.011445,245 3.312142,255 2.562689,267 2.001423,270 2.014818,280 3.472575,285 1.944158,455 3.183065,532 7.083356,1000 acq
12 2.644065,15 0.586686,35 0.946821,50 2.161087,78 1.413648,97 1.746281,161 2.008088,257 2.031933,274 2.250074,346 2.44005,352 2.625036,1000 acq
4 1.174563,12 2.644065,15 1.362244,18 3.702285,24 1.503284,30 4.523104,57 3.377488,105 2.593874,129 2.64154,163 5.283081,166 2.667058,171 2.577758,230 2.8004,274 2.250074,293 2.264465,350 2.52639,470 6.441082,820 3.663518,837 3.16506,1000 acq
4 1.174563,12 1.668219,83 2.108825,97 1.746281,111 3.93895,303 2.028476,386 3.16506,1000 acq
85 2.284131,90 1.721483,135 2.161087,158 3.760081,161 2.008088,1000 acq
4 1.174563,5 0.972647,15 0.586686,48 1.544583,179 2.600994,388 3.050635,455 6.366129,1000 acq
5 0.972647,12 1.668219,15 0.586686,24 0.647429,30 2.553632,35 0.946821,50 2.161087,90 1.721483,103 2.049482,115 2.290042,133 1.360355,158 1.88004,181 1.258976,203 3.399084,238 2.011445,255 2.562689,264 3.772621,269 2.082236,303 2.028476,852 3.419947,1000 acq
4 2.349126,24 0.647429,105 0.818276,293 2.264465,386 3.16506,1000 acq
4 2.349126,12 1.668219,30 3.222325,105 1.296937,222 1.750887,350 4.004233,398 7.118729,614 3.531088,1000 acq
4 1.174563,15 0.586686,24 0.647429,34 1.950293,50 2.161087,58 0.660244,86 1.439698,105 0.818276,111 2.485201,150 2.538765,200 1.699684,219 2.116614,386 5.016501,449 3.16506,1000 acq
4 3.036202,12 4.312285,15 1.362244,30 2.553632,35 0.946821,50 2.161087,65 1.22138,78 1.413648,86 4.319094,90 1.721483,97 4.054739,115 1.145021,182 2.374554,218 1.86626,223 2.035784,267 2.001423,285 3.081418,330 4.73779,350 2.52639,352 6.095145,395 2.54794,398 3.06587,424 3.06587,1000 acq
4 1.861639,12 5.004658,15 1.362244,16 1.684823,105 0.818276,107 1.422223,133 1.360355,142 6.133467,169 2.346713,218 3.732519,222 1.750887,280 6.150776,346 3.867387,549 3.26016,1000 acq
1 1.061562,4 1.174563,5 0.972647,24 0.647429,34 3.900585,58 0.660244,59 1.636161,86 2.281867,96 2.936535,142 5.283081,223 1.284437,235 1.590692,280 2.190951,354 2.99284,1000 acq
4 2.727251,24 0.647429,34 3.091141,96 1.852748,115 1.814816,141 3.288515,142 4.186742,180 1.511092,181 1.258976,206 3.628194,916 2.570182,975 3.370416,1000 acq
4 1.174563,14 1.616852,24 0.647429,30 1.611162,34 3.091141,58 0.660244,93 1.504583,96 1.852748,98 2.421565,142 2.64154,180 1.511092,223 1.284437,526 3.16506,975 3.370416,1000 acq
4 2.349126,12 1.668219,34 1.950293,60 1.278568,154 1.852748,350 2.52639,879 3.006843,1000 acq
4 2.349126,11 1.917208,12 3.336439,15 0.586686,24 0.647429,30 2.553632,34 3.091141,58 0.660244,74 2.570182,96 3.705495,158 3.760081,263 2.952451,445 5.756227,526 3.16506,989 5.750187,1000 acq
4 1.174563,24 0.647429,34 3.900585,58 0.660244,86 1.439698,96 1.852748,111 2.485201,303 2.028476,1000 acq
24 1.026151,34 1.950293,105 1.636552,119 2.217613,214 2.173729,268 2.40356,274 2.250074,303 2.028476,1000 acq
4 2.349126,24 0.647429,25 2.354329,35 0.946821,37 1.626439,105 0.818276,127 2.30437,151 3.589093,166 4.227187,195 1.630311,209 2.675777,245 2.089729,339 2.386011,497 3.280853,799 2.821729,1000 acq
24 0.647429,48 2.448107,90 1.721483,98 2.421565,105 0.818276,169 2.346713,184 1.891266,335 2.386011,376 5.045038,441 5.074336,1000 acq
12 1.668219,24 1.026151,34 1.950293,35 0.946821,47 1.699684,60 1.278568,84 2.152786,86 1.439698,133 1.360355,151 2.264465,158 1.88004,188 1.750887,219 2.116614,245 3.312142,274 2.250074,293 2.264465,313 3.324189,1000 acq
0 1.24103,4 1.861639,24 0.647429,58 0.660244,86 1.439698,98 2.421565,108 2.902018,119 2.217613,133 1.360355,134 2.855007,179 2.600994,195 1.630311,229 5.016501,235 1.590692,255 2.562689,264 2.380259,293 2.264465,349 3.097382,1000 acq
11 1.917208,12 1.668219,15 0.586686,23 1.622588,24 1.294858,34 1.950293,57 1.454605,60 1.278568,68 1.400981,86 1.439698,96 1.852748,105 0.818276,111 2.485201,115 1.145021,182 3.763578,263 2.952451,274 2.250074,355 2.810982,1000 acq
5 0.972647,12 2.644065,15 1.362244,16 1.684823,24 0.647429,28 1.436755,30 2.553632,50 5.017889,85 2.284131,86 3.721565,97 3.492562,105 2.718254,111 2.485201,115 1.814816,131 1.902676,133 2.72071,142 5.283081,169 2.346713,218 2.957951,257 3.220538,267 2.001423,274 2.250074,339 5.540146,354 2.99284,470 3.220541,815 3.021135,863 2.866464,879 3.006843,1000 acq
2 1.080624,24 0.647429,48 1.544583,105 0.818276,203 2.144583,245 2.089729,1000 acq
24 0.647429,98 2.421565,107 1.422223,142 2.64154,154 1.852748,179 2.600994,220 3.097382,235 2.521187,274 3.566283,520 3.26016,1000 acq
4 1.861639,12 2.644065,15 0.586686,24 1.026151,30 3.222325,34 3.091141,58 0.660244,85 2.284131,96 2.936535,111 2.485201,133 1.360355,158 3.760081,169 2.346713,335 2.386011,350 2.52639,445 2.878114,977 3.627964,1000 acq
4 1.174563,12 3.336439,47 1.699684,90 3.442965,107 1.422223,129 2.64154,151 2.264465,175 3.050635,263 2.952451,267 2.001423,346 3.867387,1000 acq
4 1.861639,24 0.647429,59 1.636161,86 2.879396,105 0.818276,154 1.852748,168 2.071145,218 2.957951,245 2.089729,250 2.245343,274 5.224511,350 2.52639,490 3.324189,1000 acq
48 1.544583,59 3.272321,60 1.278568,69 1.482273,85 3.620261,107 1.422223,115 1.145021,155 7.009882,180 1.511092,181 1.258976,215 6.133467,222 1.750887,526 5.016501,896 3.501588,1000 acq
1 1.061562,4 3.297416,12 3.873485,15 1.516562,24 1.503284,50 4.322175,78 1.413648,79 1.908452,86 3.721565,90 2.728486,97 3.492562,105 1.636552,111 2.485201,135 2.161087,161 3.182745,169 2.346713,206 2.289135,218 1.86626,223 2.035784,231 1.691153,244 1.728158,267 2.001423,285 5.457943,335 2.386011,346 6.307437,398 3.06587,490 3.324189,852 3.419947,1000 acq
12 1.668219,30 2.553632,85 2.284131,133 1.360355,135 3.425242,158 2.979793,165 3.644232,182 2.374554,270 2.014818,455 5.045038,520 3.26016,896 3.501588,977 3.627964,1000 acq
0 1.24103,4 2.727251,12 1.668219,15 1.516562,35 0.946821,50 2.161087,58 0.660244,78 1.413648,85 3.620261,86 2.879396,90 1.721483,97 5.238843,98 2.421565,107 1.422223,161 5.190833,192 2.585417,207 1.46984,222 3.501773,245 2.089729,334 2.446323,395 2.54794,398 3.06587,773 5.806538,840 3.147511,857 3.663518,864 3.92656,1000 acq
2 2.161249,5 0.972647,24 1.026151,30 2.553632,47 1.699684,57 1.454605,72 2.004472,89 2.368895,193 1.755523,248 2.001423,267 2.001423,303 3.215059,395 2.54794,1000 acq
15 0.586686,34 3.091141,50 2.161087,115 1.145021,503 3.20155,585 3.5619,1000 acq
12 3.336439,15 0.586686,24 1.503284,30 2.553632,105 1.899978,133 1.360355,142 2.64154,158 4.365318,182 2.374554,193 1.755523,204 2.330529,274 2.250074,303 3.215059,331 2.952451,1000 acq
12 1.668219,86 2.281867,111 2.485201,133 1.360355,354 2.99284,1000 acq
4 1.174563,12 1.668219,24 1.294858,30 1.611162,34 1.950293,35 1.500676,48 1.544583,58 0.660244,84 2.152786,96 2.936535,105 0.818276,133 1.360355,142 2.64154,158 1.88004,161 2.008088,179 4.122478,280 4.381901,301 3.021135,723 2.693551,1000 acq
4 1.174563,24 0.647429,129 2.64154,142 2.64154,179 2.600994,303 2.028476,354 2.99284,520 3.26016,1000 acq
12 2.644065,24 0.647429,58 0.660244,60 1.278568,105 0.818276,111 2.485201,151 2.264465,214 2.173729,346 2.44005,1000 acq
0 1.966986,2 1.712749,4 1.174563,12 3.336439,24 1.503284,42 2.12449,78 1.413648,98 2.421565,105 1.636552,111 2.485201,119 2.217613,163 2.64154,165 3.644232,206 3.628194,303 2.028476,350 2.52639,388 3.050635,398 3.06587,436 3.26016,1000 acq
12 1.668219,15 0.586686,24 0.647429,48 1.544583,50 4.322175,78 1.413648,97 1.746281,105 0.818276,111 2.485201,161 4.016176,223 1.284437,257 3.220538,267 2.001423,285 1.944158,352 2.625036,445 2.878114,1000 acq
12 1.668219,15 1.173373,50 3.425242,78 1.413648,103 2.049482,105 0.818276,161 2.008088,223 2.035784,257 2.031933,267 2.001423,395 2.54794,411 2.749783,1000 acq
2 4.114321,4 1.861639,5 0.972647,15 1.516562,31 1.899806,47 5.646227,50 5.017889,57 1.454605,67 1.969027,72 2.004472,86 1.439698,92 1.501352,169 3.719452,182 2.374554,192 2.585417,193 3.511046,206 2.289135,222 4.91536,266 2.446323,272 3.963609,302 2.939494,335 6.167749,421 2.721097,449 3.16506,797 3.006843,1000 acq
1 1.061562,2 2.161249,24 0.647429,35 0.946821,37 1.626439,72 1.264681,86 1.439698,119 3.514834,131 1.902676,142 2.64154,177 4.682552,196 3.204182,222 1.750887,223 1.284437,231 1.691153,255 2.562689,269 3.300265,285 1.944158,293 2.264465,356 2.616929,421 2.721097,507 3.081447,638 2.711793,1000 acq
3 2.755336,10 3.493501,15 0.929876,50 3.425242,58 0.660244,79 3.024825,119 2.217613,143 2.018207,267 2.001423,287 2.939494,290 2.505489,455 5.045038,503 5.074336,596 3.446107,1000 acq
12 2.644065,15 0.586686,30 1.611162,50 2.161087,57 1.454605,111 3.93895,142 2.64154,158 2.979793,204 2.330529,255 2.562689,267 2.001423,280 2.190951,352 2.625036,445 2.878114,455 3.183065,850 4.743541,1000 acq
4 1.174563,15 0.929876,24 0.647429,57 1.454605,105 0.818276,111 2.485201,1000 acq
4 2.349126,12 1.668219,15 1.516562,30 4.833487,34 1.950293,35 0.946821,50 3.425242,52 2.970833,57 1.454605,60 3.835703,61 2.40951,72 3.269153,92 1.501352,112 1.806175,155 6.296587,161 2.008088,200 1.699684,205 1.88283,222 1.750887,223 2.035784,235 2.521187,335 2.386011,346 2.44005,411 2.749783,437 2.675777,532 7.083356,727 3.594145,797 4.765733,919 3.021135,1000 acq
1 2.123123,4 1.174563,35 2.447497,48 1.544583,50 2.161087,52 4.45625,58 0.660244,60 1.278568,65 1.22138,72 2.529362,98 2.421565,101 1.66413,107 2.25417,109 1.536058,112 4.193809,131 1.902676,142 2.64154,150 1.601783,197 2.485201,199 3.73689,205 2.984214,224 6.682773,226 2.386011,235 3.181384,245 6.269188,250 2.245343,267 2.001423,281 1.88004,293 4.528931,332 2.843736,343 3.006843,363 2.391811,448 3.446107,555 5.549886,593 5.865937,605 3.700994,607 3.5619,608 3.5619,638 2.711793,687 3.183065,695 4.181447,752 3.097382,1000 acq
4 1.174563,15 1.362244,30 1.611162,34 1.950293,35 2.198451,48 1.544583,50 3.425242,52 2.354329,54 1.463705,60 2.557135,72 2.004472,85 3.620261,86 2.281867,107 1.422223,112 4.193809,131 1.902676,155 4.298089,181 1.258976,222 2.775089,223 1.284437,235 2.521187,267 2.001423,272 1.981805,275 2.433833,395 2.54794,437 4.241006,532 6.101271,662 2.789976,935 3.006843,1000 acq
1 1.061562,4 1.174563,15 1.173373,24 0.647429,30 1.611162,34 1.950293,35 0.946821,50 4.322175,52 3.44903,54 1.463705,60 2.026482,61 2.40951,72 2.004472,85 2.284131,86 1.439698,92 1.501352,107 1.422223,109 1.536058,112 3.612351,115 1.145021,150 1.601783,155 7.009882,205 2.984214,223 2.035784,247 2.274228,267 4.002847,272 1.981805,340 3.097382,356 2.616929,375 3.006843,397 2.979113,411 5.499565,437 2.675777,532 4.835142,614 3.531088,627 3.782635,700 3.740613,814 3.06587,883 3.473293,909 3.501588,1000 acq
1 1.061562,4 1.174563,43 1.88563,54 1.463705,70 1.490159,72 2.004472,98 2.421565,109 1.536058,112 2.86272,150 1.601783,172 2.12449,197 3.93895,205 2.984214,207 1.46984,222 1.750887,223 2.035784,224 4.561702,231 1.691153,245 4.852201,274 2.250074,275 2.433833,285 1.944158,409 2.979113,428 2.878114,523 3.501588,607 3.5619,608 3.5619,668 3.700994,1000 acq
59 2.593253,86 1.439698,207 1.46984,223 1.284437,226 2.386011,266 2.446323,968 3.594145,1000 acq
2 1.712749,12 1.668219,15 1.362244,30 1.611162,47 1.699684,50 5.017889,58 0.660244,85 2.284131,86 3.721565,89 4.73779,111 2.485201,180 1.511092,193 1.755523,235 1.590692,238 2.011445,255 6.624454,269 2.082236,412 2.866464,916 2.570182,927 3.501588,1000 acq
4 2.349126,245 3.312142,780 3.473293,1000 acq
12 1.668219,15 0.586686,34 1.950293,35 0.946821,50 3.425242,60 1.278568,86 1.439698,89 2.368895,119 2.217613,131 3.01567,142 2.64154,169 3.719452,181 1.99543,281 1.88004,285 1.944158,290 2.505489,520 5.167232,1000 acq
23 1.622588,24 0.647429,34 1.950293,35 1.500676,50 5.58633,60 1.278568,86 1.439698,89 2.368895,131 3.01567,155 2.711793,158 2.979793,169 2.346713,179 2.600994,181 1.99543,200 1.699684,249 2.779707,421 4.312836,464 3.419947,639 4.108417,789 3.594145,1000 acq
15 0.586686,50 3.425242,60 1.278568,97 1.746281,131 1.902676,142 2.64154,181 1.258976,336 2.421565,675 3.324189,1000 acq
24 0.647429,34 1.950293,35 0.946821,50 4.322175,86 1.439698,89 2.368895,96 1.852748,222 1.750887,285 1.944158,388 3.050635,1000 acq
15 0.586686,24 0.647429,34 1.950293,50 3.425242,89 3.75461,96 1.852748,119 2.217613,131 1.902676,181 1.99543,388 3.050635,949 3.627964,1000 acq
2 3.589756,5 1.945293,24 0.647429,47 1.699684,58 0.660244,92 2.379586,142 2.64154,181 1.258976,188 2.775089,206 2.289135,214 2.173729,223 2.035784,268 2.40356,880 3.627964,1000 acq
24 0.647429,45 2.165276,48 5.130995,59 1.636161,60 1.278568,86 4.980537,105 0.818276,111 2.485201,119 2.217613,154 2.936535,195 1.630311,267 2.001423,274 2.250074,332 2.843736,335 2.386011,412 2.866464,615 3.663518,811 3.370416,912 3.220541,915 3.594145,930 3.220541,1000 acq
2 1.080624,4 1.861639,30 2.553632,35 1.500676,41 2.259635,47 1.699684,57 1.454605,68 1.400981,85 3.620261,133 1.360355,142 6.133467,192 2.585417,222 4.525976,223 1.284437,312 2.616929,385 2.711793,390 2.789976,395 2.54794,419 2.8004,421 2.721097,526 3.16506,650 6.511687,665 4.462494,814 3.06587,912 3.220541,989 3.627964,1000 acq
12 1.668219,24 1.026151,34 1.950293,60 1.278568,86 1.439698,96 2.936535,206 2.289135,219 2.116614,274 2.250074,421 2.721097,950 3.700994,1000 acq
4 1.174563,30 1.611162,78 1.413648,86 1.439698,97 3.492562,98 3.838089,105 0.818276,158 1.88004,182 2.374554,280 2.190951,346 2.44005,352 2.625036,526 3.16506,1000 acq
2 4.114321,12 3.873485,15 0.929876,24 1.817563,39 3.634941,47 3.399368,50 4.322175,58 0.660244,85 2.284131,111 2.485201,150 1.601783,181 1.258976,193 4.076198,203 2.144583,214 2.173729,257 2.031933,285 1.944158,289 2.459041,344 4.835142,659 3.20155,953 10.017226,1000 acq
24 0.647429,86 1.439698,90 1.721483,105 0.818276,129 2.64154,257 2.031933,303 2.028476,441 3.20155,734 3.050635,1000 acq
2 1.080624,4 2.349126,15 1.173373,48 1.544583,72 2.004472,85 2.284131,97 4.054739,218 2.957951,222 1.750887,223 1.284437,267 2.001423,321 4.765733,352 2.625036,389 2.633239,395 2.54794,864 3.92656,975 3.370416,1000 acq
2 1.080624,4 1.861639,5 0.972647,12 1.668219,15 1.760059,50 6.066939,53 2.190951,86 2.281867,90 2.728486,98 2.421565,131 1.902676,142 4.186742,179 2.600994,255 6.624454,257 2.031933,264 2.380259,267 3.172181,285 3.081418,293 2.264465,334 3.877329,335 3.781738,411 2.749783,441 3.20155,729 3.220541,927 3.501588,1000 acq
4 2.349126,12 2.644065,15 1.516562,50 6.066939,85 2.284131,90 1.721483,93 1.504583,107 1.422223,181 1.258976,248 2.001423,255 6.624454,267 3.172181,285 3.081418,335 2.386011,490 3.324189,549 3.26016,861 4.181447,1000 acq
4 2.727251,15 0.586686,35 0.946821,50 5.017889,86 2.879396,93 1.504583,98 3.838089,142 2.64154,222 1.750887,223 1.284437,248 2.001423,255 5.125377,267 4.002847,335 2.386011,490 3.324189,549 3.26016,1000 acq
4 4.063321,24 1.294858,57 2.90921,85 2.284131,86 1.439698,90 1.721483,97 2.76779,105 2.297192,107 2.25417,133 1.360355,153 2.471998,193 2.782438,206 6.867406,245 6.269188,250 2.245343,268 2.40356,280 2.190951,285 1.944158,409 2.979113,418 3.050635,481 6.917287,490 3.324189,748 4.042353,1000 acq
5 0.972647,15 0.586686,48 1.544583,59 1.636161,155 5.423585,223 2.035784,280 2.190951,281 4.365318,285 1.944158,293 2.264465,302 2.939494,411 2.749783,766 3.782635,775 2.855007,919 3.021135,987 2.427672,1000 acq
4 1.174563,24 1.503284,74 2.570182,90 1.721483,98 2.421565,105 1.296937,133 1.360355,245 2.089729,274 2.250074,303 2.028476,319 2.533499,337 3.982038,532 3.050635,1000 acq
5 0.972647,12 3.336439,14 1.616852,24 1.026151,35 1.893643,58 1.853538,60 2.557135,103 6.808233,105 1.899978,113 1.544583,115 1.145021,138 2.391811,155 2.711793,232 2.148672,235 2.521187,267 2.001423,270 2.014818,281 1.88004,292 2.585417,442 2.789976,585 3.5619,799 2.821729,986 2.866464,1000 acq
4 1.861639,12 3.336439,15 0.586686,24 1.294858,30 1.611162,85 2.284131,97 4.514071,98 2.421565,119 2.217613,129 2.64154,200 1.699684,218 1.86626,346 5.66562,352 4.160584,490 3.324189,526 3.16506,1000 acq
4 1.174563,12 1.668219,48 3.089167,85 3.620261,97 2.76779,119 2.217613,155 2.711793,244 1.728158,346 2.44005,1000 acq
12 1.668219,15 0.586686,24 0.647429,48 1.544583,97 2.76779,105 0.818276,133 1.360355,293 2.264465,346 3.867387,352 2.625036,441 3.20155,1000 acq
58 0.660244,97 1.746281,111 2.485201,119 2.217613,206 2.289135,386 3.16506,1000 acq
12 1.668219,15 1.516562,24 0.647429,98 2.421565,169 2.346713,182 2.374554,255 5.950379,293 2.264465,1000 acq
15 1.647037,30 3.741003,44 4.543238,50 2.161087,78 1.413648,90 1.721483,129 2.64154,193 1.755523,204 3.693802,222 1.750887,230 2.8004,255 5.950379,335 2.386011,650 4.108417,1000 acq
2 2.793373,24 1.026151,48 2.448107,58 0.660244,90 4.832813,97 1.746281,105 1.636552,206 5.917329,241 2.730527,270 5.208229,285 1.944158,293 2.264465,385 2.711793,466 3.531088,526 3.16506,563 5.865937,820 3.663518,1000 acq
4 1.861639,5 0.972647,15 0.586686,24 0.647429,35 1.500676,48 1.544583,50 2.161087,58 1.046461,112 1.806175,147 2.060229,154 2.936535,195 1.630311,207 1.46984,451 6.693834,454 3.324189,1000 acq
4 1.861639,5 0.972647,15 1.362244,50 2.161087,58 0.660244,112 2.86272,127 2.30437,147 2.060229,169 3.719452,222 1.750887,245 2.089729,336 2.421565,358 2.8004,426 4.599589,479 3.220541,1000 acq
12 2.644065,15 0.586686,24 1.026151,52 1.485417,105 1.296937,119 2.217613,143 2.018207,257 2.031933,267 2.001423,352 2.625036,398 3.06587,585 3.5619,1000 acq
0 1.24103,3 1.377668,4 1.174563,15 0.929876,48 1.544583,50 3.425242,78 1.413648,165 2.299254,193 1.755523,274 2.250074,481 2.979113,1000 acq
4 1.174563,12 3.336439,16 1.684823,18 2.335882,30 2.553632,88 3.781738,97 1.746281,105 1.636552,133 2.156111,193 2.782438,230 2.8004,285 3.081418,293 2.264465,1000 acq
5 1.541608,15 0.929876,50 3.425242,58 1.046461,60 1.278568,111 2.485201,119 2.217613,133 1.360355,138 3.790931,222 1.750887,223 1.284437,272 1.981805,293 2.264465,520 3.26016,596 3.446107,1000 acq
4 2.349126,5 0.972647,115 1.814816,129 2.64154,131 3.01567,455 3.183065,596 3.446107,1000 acq
4 1.861639,15 1.362244,50 2.161087,52 1.485417,152 2.254838,193 1.755523,226 2.386011,335 2.386011,363 2.391811,395 4.03839,455 3.183065,815 3.021135,937 3.346917,1000 acq
4 1.861639,48 1.544583,109 1.536058,111 2.485201,119 2.217613,166 2.667058,182 2.374554,350 4.004233,354 2.99284,1000 acq
48 1.544583,85 2.284131,98 2.421565,111 2.485201,180 1.511092,218 1.86626,388 3.050635,526 6.33012,1000 acq
107 1.422223,129 2.64154,154 1.852748,235 1.590692,274 2.250074,386 3.16506,490 3.324189,837 3.16506,1000 acq
4 1.174563,15 0.586686,42 2.12449,48 2.448107,63 1.514369,91 1.858121,98 2.421565,119 4.435227,158 1.88004,169 2.346713,174 3.900585,206 2.289135,218 1.86626,235 1.590692,257 3.220538,293 2.264465,298 2.325218,314 2.136476,376 3.183065,386 3.16506,481 2.979113,676 3.501588,1000 acq
4 1.174563,12 1.668219,34 3.091141,86 1.439698,155 2.711793,274 2.250074,837 3.16506,1000 acq
4 1.174563,5 0.972647,15 1.362244,16 2.670381,24 1.503284,30 1.611162,48 1.544583,57 2.305494,78 1.413648,93 1.504583,105 2.115213,107 1.422223,165 2.299254,166 2.667058,169 2.346713,187 3.566283,204 2.330529,244 1.728158,335 2.386011,388 3.050635,549 3.26016,927 3.501588,1000 acq
4 1.861639,5 2.258416,15 0.929876,58 1.320487,113 1.544583,140 1.874495,147 4.120458,155 2.711793,169 3.719452,214 3.445278,235 2.521187,267 2.001423,292 4.097789,1000 acq
4 2.727251,14 1.616852,15 0.586686,47 1.699684,50 2.161087,52 1.485417,58 0.660244,60 1.278568,161 2.008088,169 2.346713,193 1.755523,195 1.630311,203 2.144583,206 2.289135,218 4.824211,267 4.002847,274 3.566283,281 2.979793,679 2.577758,1000 acq
2 1.080624,4 1.174563,5 0.972647,8 1.348617,13 1.539455,15 1.362244,24 1.294858,35 1.500676,47 2.693935,50 3.425242,52 3.44903,57 1.454605,58 1.046461,60 2.026482,72 2.936499,86 1.439698,105 1.296937,107 1.422223,112 5.72544,129 2.64154,147 3.265386,154 1.852748,161 2.008088,188 1.750887,193 1.755523,195 1.630311,206 4.57827,207 1.46984,218 3.732519,219 2.116614,222 1.750887,226 2.386011,267 4.002847,274 3.566283,275 2.433833,293 2.264465,426 2.902018,733 2.702612,1000 acq
5 1.541608,13 1.539455,24 0.647429,48 1.544583,52 1.485417,78 1.413648,105 1.636552,112 1.806175,147 2.060229,218 1.86626,235 1.590692,337 2.512387,730 3.20155,1000 acq
4 1.174563,15 0.929876,20 1.519314,48 2.448107,58 0.660244,68 1.400981,81 1.88283,107 1.422223,112 1.806175,129 2.64154,147 2.060229,169 2.346713,267 3.172181,617 4.263088,1000 acq
4 1.174563,15 0.586686,27 1.430905,50 2.161087,60 1.278568,119 2.217613,223 1.284437,455 3.183065,1000 acq
4 1.174563,12 2.644065,30 2.553632,31 3.011121,86 1.439698,105 1.296937,129 2.64154,285 1.944158,1000 acq
12 2.644065,15 0.586686,28 1.436755,34 3.091141,103 2.049482,131 1.902676,155 2.711793,182 2.374554,270 2.014818,280 2.190951,411 2.749783,445 2.878114,1000 acq
4 1.174563,12 1.668219,24 0.647429,30 1.611162,34 3.091141,85 2.284131,86 1.439698,96 1.852748,154 1.852748,158 2.979793,182 2.374554,267 2.001423,280 2.190951,298 2.325218,335 2.386011,944 4.743541,1000 acq
2 1.080624,4 1.174563,12 3.336439,24 1.942287,30 1.611162,47 1.699684,85 4.568261,86 3.342875,93 1.504583,97 1.746281,102 1.632256,127 2.30437,133 1.360355,157 2.465489,180 1.511092,181 1.258976,203 2.144583,245 3.312142,251 2.832645,280 2.190951,285 3.081418,398 3.06587,491 3.346917,819 4.108417,858 3.875192,1000 acq
8 1.348617,12 3.336439,15 1.362244,18 5.42375,24 1.294858,30 1.611162,50 2.161087,63 1.514369,85 3.620261,105 0.818276,111 3.93895,158 1.88004,163 4.186742,182 2.374554,193 1.755523,212 3.26016,220 3.097382,241 4.327784,363 2.391811,1000 acq
12 2.644065,15 0.929876,48 1.544583,50 3.425242,78 1.413648,161 2.008088,218 2.957951,223 1.284437,257 3.220538,267 2.001423,1000 acq
4 1.174563,15 0.586686,50 2.161087,115 1.145021,118 2.104964,178 3.418644,218 1.86626,224 4.561702,426 5.804035,596 5.46195,992 3.5619,1000 acq
4 1.174563,60 1.278568,111 2.485201,168 2.071145,386 3.16506,1000 acq
31 1.899806,39 1.565484,48 1.544583,52 2.354329,54 1.463705,57 1.454605,72 2.004472,86 1.439698,112 1.806175,142 4.186742,164 3.300265,172 3.367238,181 1.258976,205 3.765659,215 2.64154,218 1.86626,222 1.750887,224 4.561702,226 2.386011,231 2.680414,235 2.521187,245 2.089729,280 2.190951,314 4.272952,322 3.20155,332 2.843736,409 5.958227,537 3.627964,607 5.645478,608 3.5619,821 3.097382,1000 acq
12 2.644065,15 0.586686,24 1.294858,30 1.611162,48 1.544583,105 1.296937,135 2.161087,158 3.760081,169 2.346713,222 1.750887,280 2.190951,303 2.028476,346 3.867387,1000 acq
0 2.482059,4 3.036202,21 2.259635,22 3.215059,24 1.294858,27 1.430905,40 5.786008,42 2.12449,45 2.165276,47 1.699684,48 1.544583,57 2.305494,79 1.908452,81 1.88283,86 1.439698,92 1.501352,105 1.296937,109 1.536058,112 1.806175,188 1.750887,193 1.755523,196 4.043227,242 3.097382,281 1.88004,285 1.944158,290 2.505489,302 2.939494,303 2.028476,311 6.295022,317 2.519353,349 3.097382,363 2.391811,426 2.902018,437 5.351554,481 2.979113,487 3.050635,504 3.220541,556 5.806538,570 3.700994,1000 acq
15 0.586686,24 0.647429,67 3.120835,97 1.746281,98 3.838089,111 2.485201,165 2.299254,181 1.258976,230 2.8004,293 2.264465,327 2.979113,335 3.781738,544 3.782635,732 3.394739,734 3.050635,1000 acq
155 4.298089,222 2.775089,267 2.001423,1000 acq
5 0.972647,60 1.278568,105 0.818276,114 2.042409,155 4.298089,267 2.001423,1000 acq
0 1.24103,4 2.349126,5 0.972647,11 1.917208,12 3.336439,15 0.929876,19 2.835302,24 1.026151,29 2.060229,44 2.866464,58 0.660244,72 1.264681,78 2.827295,84 3.412085,97 4.054739,105 0.818276,139 2.965654,172 2.12449,175 3.050635,189 2.363283,214 2.173729,222 4.065433,223 1.284437,245 2.089729,256 2.491898,267 3.172181,285 1.944158,293 4.528931,301 3.021135,335 2.386011,395 2.54794,455 3.183065,928 2.889963,1000 acq
4 1.861639,15 0.586686,30 1.611162,48 3.089167,58 0.660244,60 1.278568,97 2.76779,98 2.421565,105 0.818276,109 1.536058,111 2.485201,119 3.514834,129 2.64154,155 4.298089,158 1.88004,161 2.008088,169 3.719452,182 2.374554,227 2.078519,272 1.981805,281 2.979793,302 2.939494,303 2.028476,346 3.867387,388 3.050635,398 3.06587,437 2.675777,441 3.20155,1000 acq
2 1.080624,4 1.174563,12 5.28813,24 1.817563,30 1.611162,48 3.089167,57 1.454605,65 1.22138,72 2.004472,97 2.76779,133 1.360355,150 1.601783,169 2.346713,181 1.258976,223 1.284437,245 2.089729,250 2.245343,274 2.250074,285 1.944158,293 2.264465,640 3.594145,687 3.183065,815 3.021135,983 2.952451,1000 acq
2 1.080624,12 1.668219,24 0.647429,30 1.611162,34 1.950293,119 2.217613,133 1.360355,145 3.147511,218 1.86626,245 2.089729,411 2.749783,445 2.878114,1000 acq
4 1.861639,24 0.647429,48 1.544583,86 1.439698,105 0.818276,158 1.88004,285 1.944158,389 2.633239,395 4.03839,397 4.721783,974 3.240068,1000 acq
4 1.861639,12 1.668219,24 0.647429,48 1.544583,85 2.284131,86 1.439698,97 1.746281,107 1.422223,155 2.711793,346 2.44005,426 2.902018,490 3.324189,614 3.531088,780 3.473293,1000 acq
10 2.204154,30 1.611162,85 2.284131,97 1.746281,105 0.818276,142 2.64154,158 2.979793,303 2.028476,679 2.577758,746 3.346917,1000 acq
4 1.174563,24 0.647429,57 1.454605,60 2.026482,86 1.439698,105 0.818276,119 2.217613,155 2.711793,169 2.346713,388 3.050635,549 3.26016,987 2.427672,1000 acq
12 1.668219,45 3.431881,119 2.217613,133 1.360355,182 4.749107,245 2.089729,1000 acq
4 1.174563,5 0.972647,15 0.586686,30 1.611162,35 0.946821,48 1.544583,105 0.818276,133 1.360355,142 2.64154,158 3.760081,169 2.346713,280 3.472575,1000 acq
0 1.24103,4 1.174563,11 1.917208,12 1.668219,15 0.586686,24 1.026151,30 1.611162,34 1.950293,48 1.544583,50 2.161087,65 1.22138,96 1.852748,105 1.296937,165 2.299254,182 2.374554,218 1.86626,222 3.501773,245 2.089729,257 2.031933,426 4.599589,1000 acq
4 1.174563,12 3.336439,15 0.929876,24 0.647429,30 1.611162,48 2.448107,50 2.161087,65 1.22138,78 1.413648,85 2.284131,86 1.439698,97 1.746281,105 1.296937,115 1.145021,142 2.64154,155 5.423585,222 1.750887,257 2.031933,280 3.472575,298 2.325218,437 2.675777,614 3.531088,731 3.5619,937 3.346917,1000 acq
4 1.174563,12 3.873485,24 0.647429,30 1.611162,35 1.893643,48 2.448107,65 1.22138,69 1.482273,85 4.568261,115 1.145021,155 8.135378,250 2.245343,437 2.675777,648 4.462494,650 4.108417,731 5.645478,840 3.147511,870 4.961559,990 3.531088,1000 acq
4 1.861639,12 5.28813,15 0.929876,16 3.369645,24 1.67358,30 4.164794,34 3.091141,58 1.046461,74 4.073642,85 5.303587,86 1.439698,140 1.874495,158 5.640121,182 2.374554,193 1.755523,293 2.264465,303 6.430118,350 2.52639,411 2.749783,445 8.079887,730 3.20155,819 4.108417,1000 acq
12 4.683284,15 0.586686,24 1.026151,25 1.485417,30 1.611162,48 2.448107,50 2.161087,78 1.413648,84 2.152786,85 5.303587,86 1.439698,105 1.296937,107 2.25417,154 1.852748,169 2.346713,178 3.418644,195 1.630311,207 1.46984,235 1.590692,281 3.760081,285 1.944158,293 2.264465,336 2.421565,363 2.391811,389 2.633239,490 5.268714,650 4.108417,1000 acq
11 1.917208,12 4.683284,15 0.929876,24 1.67358,30 1.611162,48 2.448107,50 3.425242,105 1.899978,129 2.64154,153 2.471998,193 1.755523,244 1.728158,245 3.312142,335 3.781738,389 2.633239,445 2.878114,772 4.263088,798 2.625036,1000 acq
15 0.586686,48 2.448107,97 1.746281,98 2.421565,115 1.145021,129 2.64154,158 2.979793,272 1.981805,274 3.566283,614 3.531088,1000 acq
4 2.727251,11 3.038702,12 1.668219,15 0.586686,16 1.684823,24 1.67358,34 1.950293,45 2.165276,70 1.490159,72 1.264681,78 1.413648,85 3.620261,96 1.852748,97 1.746281,98 3.838089,105 1.296937,113 1.544583,161 2.008088,182 2.374554,188 1.750887,203 2.144583,206 2.289135,214 2.173729,244 1.728158,263 2.952451,285 1.944158,303 2.028476,346 2.44005,549 3.26016,723 2.693551,746 3.346917,758 4.462494,825 2.633239,1000 acq
24 0.647429,86 1.439698,119 2.217613,169 2.346713,179 2.600994,285 1.944158,421 2.721097,455 3.183065,585 3.5619,1000 acq
12 4.683284,15 1.173373,18 2.335882,24 1.294858,30 5.352165,48 1.544583,57 1.454605,60 1.278568,105 2.297192,133 2.156111,158 2.979793,166 2.667058,293 5.257926,303 2.028476,346 5.66562,350 2.52639,352 2.625036,1000 acq
12 3.336439,30 1.611162,48 1.544583,86 1.439698,93 1.504583,119 2.217613,193 1.755523,196 4.043227,280 4.381901,863 2.866464,1000 acq
2 1.712749,24 1.026151,58 0.660244,90 2.728486,98 2.421565,105 1.296937,137 3.348564,206 4.57827,270 2.014818,1000 acq
4 1.861639,12 1.668219,15 0.586686,24 1.026151,28 1.436755,34 1.950293,58 1.320487,84 4.305572,105 1.296937,115 1.145021,180 1.511092,235 1.590692,244 1.728158,263 2.952451,293 2.264465,438 3.370416,1000 acq
11 1.917208,15 0.586686,16 1.684823,24 1.026151,30 1.611162,34 1.950293,57 1.454605,58 0.660244,60 1.278568,105 1.899978,193 1.755523,206 2.289135,227 2.078519,245 3.312142,263 2.952451,303 2.028476,445 2.878114,549 3.26016,1000 acq
2 2.509132,98 2.421565,119 2.217613,129 2.64154,335 2.386011,490 3.324189,614 3.531088,748 4.042353,1000 acq
48 1.544583,257 2.031933,274 2.250074,1000 acq
4 2.349126,48 1.544583,115 1.145021,155 6.296587,206 2.289135,335 2.386011,437 4.241006,1000 acq
0 4.122611,4 2.349126,12 1.668219,15 1.94893,18 2.335882,24 1.026151,30 1.611162,34 1.950293,50 2.161087,63 2.400218,98 2.421565,101 1.66413,105 1.296937,130 1.998115,163 5.283081,165 7.288464,166 2.667058,169 4.693425,204 2.330529,220 3.097382,228 2.711793,261 7.666104,266 3.877329,280 3.472575,309 3.021135,350 2.52639,363 2.391811,411 5.499565,441 6.403099,541 3.220541,719 3.92656,732 3.394739,1000 acq
2 3.241873,12 1.668219,15 0.929876,24 0.647429,48 1.544583,50 4.322175,60 1.278568,72 1.264681,78 1.413648,85 2.284131,98 2.421565,112 3.612351,147 2.060229,188 1.750887,207 1.46984,218 1.86626,257 2.031933,285 1.944158,293 2.264465,398 3.06587,475 3.006843,708 6.511687,1000 acq
2 1.080624,24 1.026151,58 0.660244,90 1.721483,98 2.421565,105 1.296937,155 2.711793,206 3.628194,270 2.014818,437 4.241006,488 3.531088,1000 acq
1 1.061562,4 1.174563,12 4.312285,24 1.026151,30 1.611162,78 1.413648,85 4.568261,97 4.90243,105 1.296937,111 2.485201,155 2.711793,193 4.537961,222 1.750887,285 1.944158,337 2.512387,346 4.880099,352 4.160584,388 3.050635,409 4.721783,426 7.501607,526 3.16506,884 3.982041,1000 acq
4 2.349126,12 3.336439,24 0.647429,85 3.620261,155 4.298089,193 1.755523,346 3.867387,352 2.625036,426 4.599589,1000 acq
2 1.080624,4 2.349126,15 1.362244,24 1.503284,47 1.699684,48 2.448107,97 3.492562,105 1.636552,111 3.93895,142 2.64154,193 1.755523,203 2.144583,216 3.971107,245 2.089729,267 3.172181,274 2.250074,293 2.264465,303 2.028476,335 2.386011,346 4.880099,437 6.212961,549 3.26016,1000 acq
4 1.174563,12 1.668219,24 0.647429,105 0.818276,111 2.485201,193 3.511046,734 3.050635,1000 acq
12 3.336439,30 4.164794,78 1.413648,79 1.908452,85 3.620261,90 1.721483,97 1.746281,133 1.360355,135 6.850485,158 5.959587,161 4.662637,192 2.585417,222 2.775089,285 1.944158,788 3.501588,806 4.263088,861 4.181447,1000 acq
4 1.174563,12 2.644065,24 1.294858,34 1.950293,84 2.152786,86 1.439698,93 1.504583,105 1.296937,111 2.485201,119 2.217613,141 2.074822,251 2.832645,263 2.952451,314 2.136476,435 2.914286,445 2.878114,1000 acq
48 2.448107,54 1.463705,60 1.278568,78 1.413648,91 1.858121,142 4.186742,161 3.182745,203 3.399084,218 1.86626,272 1.981805,291 2.30437,644 5.223994,986 2.866464,1000 acq
35 0.946821,59 4.229414,106 2.165276,155 2.711793,1000 acq
24 1.503284,30 1.611162,34 1.950293,84 2.152786,86 1.439698,105 1.899978,107 1.422223,129 2.64154,179 2.600994,193 1.755523,227 2.078519,301 3.021135,303 2.028476,418 4.835142,549 5.167232,1000 acq
4 1.174563,12 3.873485,48 2.448107,105 1.296937,133 1.360355,135 3.425242,155 2.711793,158 4.859834,281 2.979793,285 1.944158,858 3.875192,894 4.263088,1000 acq
78 1.413648,142 4.186742,157 2.465489,161 4.016176,184 1.891266,188 1.750887,223 1.284437,532 3.050635,806 4.263088,896 3.501588,986 2.866464,1000 acq
15 0.586686,58 0.660244,78 1.413648,84 2.152786,90 1.721483,113 1.544583,122 2.028476,135 2.161087,142 2.64154,155 2.711793,158 1.88004,161 4.662637,188 1.750887,195 1.630311,235 2.521187,291 4.60874,323 2.585417,350 2.52639,395 2.54794,421 2.721097,532 3.050635,662 2.789976,1000 acq
4 2.349126,12 3.336439,15 0.586686,57 1.454605,86 1.439698,97 4.054739,111 2.485201,119 2.217613,182 4.749107,293 2.264465,346 3.867387,386 3.16506,395 2.54794,526 3.16506,766 3.782635,788 3.501588,1000 acq
11 1.917208,12 2.644065,16 1.684823,24 1.817563,34 1.950293,57 1.454605,58 1.046461,96 3.705495,98 3.838089,105 2.115213,187 3.566283,188 1.750887,206 3.628194,214 2.173729,227 3.294375,235 1.590692,251 2.832645,263 2.952451,268 3.809552,285 1.944158,418 3.050635,428 2.878114,549 3.26016,941 4.042353,1000 acq
4 1.174563,85 3.620261,155 2.711793,350 2.52639,490 3.324189,614 3.531088,1000 acq
5 0.972647,12 2.644065,15 0.929876,24 1.503284,30 2.553632,50 2.161087,96 2.936535,97 4.054739,135 4.322175,150 1.601783,158 5.27794,165 7.288464,193 2.782438,270 2.014818,335 2.386011,411 2.749783,445 7.439816,549 3.26016,1000 acq
12 1.668219,85 2.284131,96 1.852748,97 2.76779,135 2.161087,150 1.601783,158 2.979793,165 5.943486,182 2.374554,270 2.014818,280 3.472575,335 2.386011,445 2.878114,520 3.26016,1000 acq
15 0.929876,24 1.026151,50 3.425242,60 1.278568,78 1.413648,105 1.296937,111 2.485201,119 2.217613,133 1.360355,179 2.600994,255 2.562689,293 2.264465,1000 acq
4 1.861639,15 1.760059,24 1.026151,30 1.611162,35 0.946821,48 1.544583,50 5.58633,72 1.264681,98 2.421565,115 1.145021,133 1.360355,158 3.760081,222 2.775089,223 1.284437,226 2.386011,255 2.562689,267 3.172181,280 2.190951,281 1.88004,426 2.902018,441 3.20155,455 3.183065,471 3.220541,520 3.26016,532 4.835142,842 3.081447,935 3.006843,1000 acq
2 1.712749,4 1.174563,5 0.972647,12 1.668219,15 0.586686,24 1.026151,57 1.454605,59 2.593253,85 2.284131,97 1.746281,105 1.636552,161 2.008088,203 4.289166,234 4.147734,398 3.06587,467 3.20155,943 2.855007,1000 acq
2 1.080624,4 1.861639,15 0.929876,24 1.026151,30 1.611162,34 1.950293,39 1.565484,50 2.161087,60 1.278568,86 1.439698,96 2.936535,179 2.600994,188 1.750887,206 2.289135,274 2.250074,335 2.386011,470 3.220541,1000 acq
4 2.727251,12 1.668219,15 0.929876,86 1.439698,97 1.746281,250 2.245343,267 3.172181,335 2.386011,1000 acq
4 1.174563,107 2.25417,235 1.590692,281 2.979793,285 1.944158,293 2.264465,1000 acq
15 0.586686,57 1.454605,158 1.88004,245 2.089729,376 3.183065,398 3.06587,1000 acq
35 0.946821,111 2.485201,174 1.950293,274 2.250074,376 3.183065,386 3.16506,481 2.979113,1000 acq
12 1.668219,111 2.485201,303 2.028476,1000 acq
4 1.861639,5 0.972647,12 2.644065,15 0.586686,34 1.950293,60 1.278568,85 2.284131,86 1.439698,111 2.485201,129 2.64154,133 1.360355,285 1.944158,1000 acq
24 0.647429,98 2.421565,105 0.818276,222 1.750887,274 2.250074,280 2.190951,585 3.5619,811 5.341982,1000 acq
24 0.647429,58 0.660244,86 2.281867,119 2.217613,133 1.360355,179 2.600994,386 3.16506,1000 acq
4 2.349126,12 4.312285,15 0.929876,30 2.553632,35 1.893643,47 2.693935,222 1.750887,255 4.061765,265 2.491898,293 2.264465,335 2.386011,772 4.263088,850 4.743541,899 4.462494,915 3.594145,920 2.939494,1000 acq
12 2.644065,15 0.929876,24 1.026151,30 2.553632,48 2.448107,50 2.161087,86 1.439698,88 2.386011,133 1.360355,293 2.264465,346 3.867387,395 2.54794,1000 acq
4 1.861639,15 0.586686,24 0.647429,57 1.454605,58 1.046461,86 1.439698,98 2.421565,105 0.818276,119 2.217613,129 2.64154,151 2.264465,285 1.944158,303 2.028476,312 2.616929,376 6.366129,386 3.16506,1000 acq
12 2.644065,15 0.586686,24 1.026151,30 1.611162,34 3.091141,41 2.259635,96 1.852748,113 1.544583,257 2.031933,280 2.190951,363 2.391811,1000 acq
2 1.080624,12 3.336439,15 0.586686,24 0.647429,34 3.091141,50 2.161087,96 1.852748,257 3.220538,280 2.190951,1000 acq
12 3.336439,15 1.362244,24 1.294858,34 3.091141,96 1.852748,158 1.88004,169 2.346713,280 2.190951,506 3.183065,581 3.700994,1000 acq
4 1.861639,24 0.647429,35 0.946821,105 0.818276,109 1.536058,111 2.485201,150 1.601783,281 1.88004,363 2.391811,386 3.16506,1000 acq
0 2.482059,11 1.917208,12 4.312285,15 1.516562,24 1.026151,28 1.436755,30 4.164794,48 1.544583,50 4.322175,85 2.284131,105 2.454828,107 1.422223,115 2.290042,133 1.360355,142 2.64154,165 4.598509,169 2.346713,179 2.600994,204 2.330529,223 1.284437,280 6.572852,350 6.530623,398 3.06587,411 2.749783,648 4.462494,746 3.346917,1000 acq
34 1.950293,35 2.198451,48 1.544583,50 2.161087,52 2.354329,58 0.660244,60 1.278568,112 3.612351,119 2.217613,245 3.312142,267 2.001423,426 2.902018,460 3.130395,532 4.835142,1000 acq
2 1.712749,4 1.174563,24 1.294858,25 1.485417,47 1.699684,48 2.448107,115 1.145021,151 2.264465,206 3.628194,223 1.284437,245 2.089729,293 2.264465,426 2.902018,435 2.914286,490 3.324189,915 3.594145,1000 acq
4 1.174563,12 3.336439,15 0.586686,24 1.817563,30 1.611162,35 0.946821,48 1.544583,85 2.284131,86 3.721565,98 3.838089,105 1.636552,114 2.042409,141 2.074822,193 1.755523,218 1.86626,227 2.078519,285 1.944158,293 2.264465,395 2.54794,398 3.06587,549 3.26016,1000 acq
4 1.174563,15 0.929876,50 2.161087,129 2.64154,166 2.667058,267 2.001423,1000 acq
1 1.061562,4 1.174563,18 2.335882,24 0.647429,30 1.611162,34 1.950293,48 2.448107,59 1.636161,105 1.296937,274 2.250074,281 1.88004,285 1.944158,293 2.264465,303 2.028476,449 3.16506,1000 acq
1 1.061562,4 1.174563,34 3.900585,60 1.278568,98 3.838089,141 2.074822,205 1.88283,218 1.86626,235 1.590692,1000 acq
4 1.174563,12 4.312285,15 0.929876,24 1.026151,31 3.799611,34 3.091141,35 0.946821,42 2.12449,47 1.699684,58 1.046461,133 2.156111,135 3.425242,158 1.88004,182 2.374554,205 1.88283,208 1.611162,222 1.750887,231 2.680414,245 5.401872,411 2.749783,445 2.878114,788 3.501588,793 2.740088,878 3.594145,977 3.627964,1000 acq
1 1.061562,15 0.586686,18 3.702285,45 2.165276,48 1.544583,54 1.463705,57 1.454605,72 2.004472,90 1.721483,142 2.64154,164 3.300265,222 2.775089,224 2.878114,245 2.089729,395 4.03839,1000 acq
1 1.682535,15 0.586686,18 3.702285,37 1.626439,45 4.330551,48 1.544583,52 1.485417,54 1.463705,57 1.454605,72 2.529362,90 1.721483,142 4.186742,154 1.852748,164 3.300265,222 3.501773,224 2.878114,245 2.089729,272 1.981805,280 2.190951,321 3.006843,395 4.03839,448 3.446107,678 2.889963,730 3.20155,883 3.473293,1000 acq
1 1.061562,24 0.647429,59 3.272321,86 1.439698,90 2.728486,97 2.76779,105 0.818276,142 2.64154,155 2.711793,207 1.46984,222 1.750887,223 2.035784,271 2.600994,272 1.981805,280 2.190951,337 2.512387,919 3.021135,927 3.501588,992 3.5619,1000 acq
1 1.061562,4 2.727251,12 1.668219,15 1.362244,35 1.500676,78 1.413648,85 2.284131,86 3.342875,90 3.442965,97 4.054739,98 2.421565,135 3.425242,142 5.283081,155 2.711793,158 1.88004,161 5.637416,203 2.144583,213 2.067487,218 1.86626,235 2.521187,267 3.172181,270 5.656309,271 2.600994,291 2.30437,323 2.585417,346 2.44005,354 2.99284,398 3.06587,402 3.26016,421 2.721097,526 3.16506,678 2.889963,773 3.663518,822 6.142034,986 2.866464,1000 acq
4 1.174563,15 0.586686,24 0.647429,79 1.908452,90 1.721483,105 0.818276,115 2.290042,119 2.217613,142 2.64154,155 8.135378,196 4.694041,223 1.284437,270 2.014818,298 2.325218,304 2.667058,319 2.533499,412 4.543238,640 3.594145,672 3.782635,732 3.394739,854 3.473293,927 3.501588,1000 acq
11 1.917208,24 1.026151,34 1.950293,42 2.12449,48 1.544583,86 2.281867,96 2.936535,107 1.422223,141 2.074822,169 2.346713,214 2.173729,222 1.750887,240 2.810982,245 2.089729,314 2.136476,363 2.391811,1000 acq
12 2.644065,15 0.929876,24 1.026151,48 1.544583,50 2.161087,105 0.818276,196 4.043227,1000 acq
0 1.24103,5 0.972647,15 0.586686,18 2.335882,57 2.305494,86 1.439698,111 2.485201,119 2.217613,165 2.299254,166 2.667058,169 2.346713,196 4.043227,230 2.8004,440 2.914286,455 3.183065,1000 acq
4 1.861639,18 2.335882,24 1.026151,48 2.448107,58 0.660244,60 1.278568,98 2.421565,105 0.818276,129 2.64154,159 4.528931,166 5.334116,230 2.8004,253 2.721097,441 3.20155,449 5.016501,907 3.663518,955 5.223994,1000 acq
86 1.439698,89 2.368895,165 5.943486,267 3.172181,412 4.543238,520 3.26016,623 7.65474,837 3.16506,1000 acq
12 1.668219,15 0.586686,24 0.647429,30 1.611162,33 2.663742,35 0.946821,50 3.425242,58 0.660244,90 1.721483,92 1.501352,133 1.360355,181 1.258976,188 2.775089,203 2.144583,245 4.179458,255 4.061765,269 2.082236,388 3.050635,564 3.446107,580 3.501588,743 3.700994,1000 acq
0 1.966986,4 1.861639,21 3.581437,22 3.215059,24 1.503284,27 1.430905,30 1.611162,40 3.949565,42 2.12449,45 2.165276,48 1.544583,57 2.305494,79 1.908452,81 1.88283,85 2.284131,92 1.501352,105 1.636552,107 1.422223,109 1.536058,119 2.217613,150 1.601783,154 2.936535,169 2.346713,172 2.12449,180 1.511092,195 1.630311,196 2.021613,223 1.284437,230 2.8004,238 2.011445,245 2.089729,282 2.386011,285 1.944158,293 3.589093,303 2.028476,311 7.308294,386 3.16506,437 2.675777,481 2.979113,487 7.885778,490 3.324189,570 5.865937,780 3.473293,1000 acq
4 1.174563,12 2.644065,16 1.684823,24 1.67358,84 2.152786,93 1.504583,98 2.421565,105 1.636552,111 2.485201,409 2.979113,426 6.738276,1000 acq
48 1.544583,386 3.16506,1000 acq
4 1.174563,15 0.586686,24 0.647429,62 2.152786,105 0.818276,285 1.944158,1000 acq
15 1.516562,50 2.161087,86 3.721565,142 2.64154,218 1.86626,222 2.775089,280 2.190951,335 2.386011,449 3.16506,532 3.050635,1000 acq
4 1.861639,12 3.336439,15 2.029602,24 0.647429,30 3.222325,35 0.946821,50 6.066939,72 1.264681,85 2.284131,86 4.041743,129 4.186742,133 1.360355,193 2.782438,222 3.501773,267 3.172181,280 2.190951,335 3.781738,421 2.721097,470 3.220541,678 2.889963,1000 acq
16 2.670381,24 1.026151,58 0.660244,86 1.439698,98 2.421565,105 1.296937,207 1.46984,214 2.173729,227 2.078519,245 3.312142,386 3.16506,585 5.645478,1000 acq
4 1.861639,12 2.644065,15 0.586686,24 0.647429,48 1.544583,57 1.454605,60 1.278568,85 2.284131,98 2.421565,129 2.64154,195 1.630311,303 2.028476,352 2.625036,388 4.835142,409 6.917287,1000 acq
4 1.174563,15 0.586686,48 1.544583,54 1.463705,59 3.272321,72 1.264681,104 2.675777,109 1.536058,110 4.073642,115 1.145021,150 1.601783,172 2.12449,197 2.485201,205 2.984214,224 2.878114,231 1.691153,245 3.312142,285 1.944158,332 2.843736,382 3.130395,409 2.979113,607 8.270475,608 3.5619,1000 acq
4 2.727251,23 2.571741,24 1.026151,30 2.553632,45 2.165276,48 1.544583,58 0.660244,105 1.636552,115 1.145021,151 2.264465,155 6.296587,180 1.511092,222 1.750887,354 5.985679,651 3.782635,863 2.866464,1000 acq
4 2.349126,24 1.026151,57 1.454605,65 1.22138,86 2.281867,105 1.296937,197 4.970402,218 1.86626,242 3.097382,293 3.589093,388 3.050635,395 2.54794,585 3.5619,1000 acq
4 1.174563,12 5.004658,15 1.173373,24 2.395772,28 1.436755,30 4.833487,34 3.900585,35 1.500676,50 2.161087,58 0.660244,68 1.400981,84 3.412085,85 2.284131,86 1.439698,96 4.789283,103 2.049482,131 1.902676,133 1.360355,154 1.852748,155 4.298089,158 4.859834,179 2.600994,181 1.258976,182 3.763578,244 2.739066,263 4.679523,280 3.472575,303 3.215059,335 3.781738,354 2.99284,445 4.561702,925 5.233835,1000 acq
4 1.174563,15 0.586686,16 2.670381,24 1.503284,48 2.448107,58 0.660244,98 4.843129,105 2.297192,169 2.346713,187 2.250074,206 3.628194,244 1.728158,245 3.312142,248 3.172181,268 2.40356,303 2.028476,441 3.20155,549 3.26016,1000 acq
4 1.174563,12 5.004658,15 0.929876,24 2.321009,28 1.436755,30 2.553632,34 3.900585,48 2.448107,58 1.320487,84 3.412085,96 2.936535,129 2.64154,131 1.902676,158 4.859834,179 2.600994,182 2.374554,193 1.755523,244 2.739066,263 4.679523,274 2.250074,280 4.381901,303 3.215059,398 3.06587,403 4.312836,445 2.878114,581 3.700994,1000 acq
4 1.174563,12 1.668219,28 1.436755,34 3.091141,115 1.145021,131 3.01567,181 1.258976,182 2.374554,222 1.750887,280 3.472575,335 2.386011,380 2.810982,1000 acq
12 3.336439,15 0.929876,24 1.503284,50 2.161087,58 0.660244,60 1.278568,86 2.281867,96 2.936535,105 0.818276,131 1.902676,155 2.711793,180 1.511092,193 1.755523,244 1.728158,301 3.021135,346 2.44005,398 3.06587,421 2.721097,506 3.183065,1000 acq
4 1.861639,15 1.362244,24 0.647429,50 2.161087,105 0.818276,160 2.346713,169 2.346713,222 1.750887,257 2.031933,267 2.001423,292 2.585417,441 3.20155,481 2.979113,1000 acq