42
6 2.593253,8 4.48001,15 0.586686,25 1.485417,56 2.294176,58 0.660244,63 1.514369,72 1.264681,82 5.622699,94 7.924621,105 2.454828,156 5.6008,160 2.346713,168 3.282687,187 2.250074,205 1.88283,208 1.611162,213 3.27689,223 1.284437,270 2.014818,281 1.88004,291 4.60874,381 3.394739,442 2.789976,827 3.130395,983 2.952451,1000 oilseed
6 1.636161,65 1.22138,92 1.501352,118 2.104964,134 2.855007,174 1.950293,184 2.997585,200 2.693935,223 1.284437,225 2.363283,229 3.16506,414 3.627964,508 6.892214,797 3.006843,920 2.939494,1000 oilseed
3 3.867602,7 4.417876,17 2.049482,94 4.186742,110 2.570182,185 1.767252,238 2.011445,317 3.99308,420 3.594145,503 7.433768,1000 oilseed
1 1.061562,6 2.593253,46 2.274228,51 1.994822,94 4.186742,107 1.422223,108 2.902018,115 1.145021,118 3.336289,134 2.855007,174 3.091141,184 3.782531,200 2.693935,223 1.284437,229 3.16506,238 2.011445,269 2.082236,270 3.193411,281 2.979793,319 2.533499,411 2.749783,698 5.696585,814 3.06587,827 3.130395,914 3.501588,1000 oilseed
15 1.647037,58 0.660244,94 2.64154,109 1.536058,159 2.264465,185 1.767252,204 2.330529,295 4.70045,372 2.667058,662 2.789976,1000 oilseed
4 1.174563,115 1.145021,131 3.01567,180 1.511092,209 2.675777,279 2.54794,298 2.325218,414 3.627964,528 3.5619,812 3.324189,1000 oilseed
4 1.174563,115 1.145021,131 1.902676,209 2.675777,414 3.627964,528 3.5619,812 3.324189,984 4.355645,1000 oilseed
4 1.861639,131 3.01567,181 1.258976,296 2.821729,304 2.667058,414 5.750187,528 3.5619,1000 oilseed
4 1.174563,115 1.145021,131 1.902676,209 2.675777,292 2.585417,340 3.097382,414 5.750187,528 3.5619,981 4.108417,1000 oilseed
4 1.174563,115 1.145021,131 1.902676,296 2.821729,304 2.667058,414 5.750187,528 3.5619,981 4.108417,1000 oilseed
4 1.174563,131 1.902676,209 2.675777,279 2.54794,359 2.821729,400 3.240068,414 3.627964,528 3.5619,660 3.82737,662 2.789976,916 2.570182,1000 oilseed
7 3.01567,24 2.395772,25 1.485417,27 2.86181,49 3.620261,58 1.320487,82 2.421565,94 4.186742,113 2.448107,122 3.215059,181 2.517953,543 10.593265,1000 oilseed
6 1.636161,24 1.294858,27 1.430905,58 0.660244,59 2.593253,105 1.636552,198 2.254838,284 3.050635,508 5.46195,780 3.473293,1000 oilseed
6 1.636161,24 1.026151,58 0.660244,59 2.593253,82 2.421565,105 1.296937,154 1.852748,168 2.071145,190 2.40356,198 2.254838,284 3.050635,568 3.501588,780 3.473293,1000 oilseed
3 1.377668,65 1.22138,73 2.217613,105 0.818276,115 1.145021,117 2.421565,122 2.028476,175 3.050635,257 2.031933,313 3.324189,339 2.386011,349 3.097382,611 4.181447,612 4.181447,1000 oilseed
0 1.24103,3 3.56122,6 1.636161,24 1.294858,27 1.430905,37 2.577845,56 2.294176,58 1.853538,59 1.636161,94 4.186742,140 2.971004,339 2.386011,407 2.866464,1000 oilseed
15 0.586686,39 1.565484,115 1.145021,173 2.740088,208 1.611162,318 3.097382,339 3.781738,420 3.594145,433 2.843736,1000 oilseed
1 1.061562,5 1.541608,6 3.799047,8 3.786048,24 1.294858,27 1.430905,35 1.893643,37 1.626439,46 2.274228,49 2.284131,56 2.294176,58 0.660244,59 2.593253,63 2.400218,65 1.22138,68 1.400981,82 7.264694,94 11.015025,105 2.454828,107 1.422223,118 3.336289,133 1.360355,156 7.238929,159 2.264465,160 3.719452,162 2.346713,164 2.082236,168 6.213435,174 1.950293,176 4.455302,187 4.500149,198 2.254838,200 1.699684,204 2.330529,205 1.88283,208 1.611162,213 4.134975,214 2.173729,223 2.035784,243 1.725926,248 2.001423,270 2.014818,272 3.141086,278 4.721783,281 1.88004,284 4.835142,314 2.136476,323 2.585417,325 3.006843,381 3.394739,442 2.789976,752 3.097382,846 3.346917,928 2.889963,957 3.370416,1000 oilseed
0 1.966986,1 1.061562,3 1.377668,5 1.541608,6 1.636161,24 1.026151,27 1.430905,38 1.9722,51 1.994822,58 1.046461,63 1.514369,65 1.935842,70 2.980317,72 2.004472,78 1.413648,86 1.439698,101 1.66413,105 0.818276,106 2.165276,109 2.434594,115 1.145021,118 8.014344,131 1.902676,133 2.156111,134 5.710013,160 7.040138,162 3.719452,168 2.071145,173 2.740088,174 4.528439,184 5.673797,188 1.750887,200 1.699684,213 3.27689,223 2.035784,225 2.363283,229 5.016501,231 1.691153,238 4.02289,269 3.300265,282 6.167749,297 2.939494,303 2.028476,331 2.952451,340 3.097382,371 5.104437,380 2.810982,383 2.649942,385 2.711793,414 3.627964,428 2.878114,456 3.021135,461 4.811516,723 2.693551,805 3.594145,916 2.570182,935 3.006843,1000 oilseed
6 1.636161,70 2.980317,73 2.217613,92 2.379586,115 1.814816,118 3.336289,133 1.360355,134 2.855007,160 3.719452,180 2.395023,184 2.997585,200 1.699684,223 1.284437,238 2.011445,282 2.386011,364 3.147511,508 3.446107,643 3.627964,651 3.782635,723 2.693551,725 3.370416,793 2.740088,982 4.462494,1000 oilseed
3 3.56122,6 1.636161,15 0.929876,24 0.647429,30 1.611162,37 3.252878,58 1.046461,63 1.514369,68 2.801961,81 1.88283,94 6.828283,101 2.637584,130 1.998115,140 4.352443,243 2.735528,339 2.386011,358 4.438529,433 2.843736,443 5.268714,502 3.594145,656 3.82737,698 3.594145,793 7.083025,872 2.952451,920 2.939494,1000 oilseed
1 1.061562,3 1.377668,52 1.485417,117 2.421565,133 1.360355,257 2.031933,386 3.16506,387 2.979113,420 3.594145,1000 oilseed
1 1.061562,3 1.377668,25 1.485417,112 1.806175,117 2.421565,257 2.031933,387 2.979113,420 3.594145,602 4.263088,1000 oilseed
1 1.061562,3 3.867602,52 1.485417,53 2.190951,112 3.612351,114 2.042409,117 7.264694,156 2.8004,159 2.264465,188 1.750887,253 6.318191,257 3.220538,285 3.081418,296 2.821729,422 3.346917,502 9.29073,602 8.526176,1000 oilseed
1 1.682535,3 3.198846,28 1.436755,43 1.88563,56 3.636183,58 1.046461,65 2.44276,73 2.217613,101 2.637584,105 1.296937,112 3.612351,117 5.622699,156 6.502327,257 2.031933,293 2.264465,345 2.866464,422 3.346917,502 5.696585,602 4.263088,824 3.782635,1000 oilseed
1 1.061562,3 2.183552,52 1.485417,65 1.22138,89 2.368895,94 2.64154,112 1.806175,117 3.838089,156 2.8004,168 2.071145,285 1.944158,602 6.756835,649 2.693551,741 4.181447,867 2.939494,1000 oilseed
1 1.061562,3 2.755336,52 1.485417,58 0.660244,65 1.22138,89 2.368895,94 2.64154,112 3.612351,117 3.838089,156 4.438529,253 5.442193,257 2.031933,285 1.944158,295 2.965654,381 3.394739,422 3.346917,502 3.594145,602 6.756835,920 2.939494,1000 oilseed
1 1.061562,3 1.377668,25 1.485417,112 1.806175,117 2.421565,257 2.031933,387 2.979113,420 3.594145,602 4.263088,1000 oilseed
6 2.593253,8 3.131393,51 1.994822,58 0.660244,59 1.636161,65 1.22138,82 5.622699,94 10.320209,105 2.115213,156 4.438529,162 2.346713,181 1.258976,187 2.250074,205 1.88283,223 1.284437,270 2.014818,272 1.981805,281 1.88004,291 6.469184,314 2.136476,368 3.130395,381 5.380534,442 4.422008,678 2.889963,851 3.782635,1000 oilseed
3 2.755336,25 1.485417,65 1.935842,73 3.514834,105 1.296937,117 3.838089,135 2.161087,156 2.8004,257 2.031933,317 2.519353,387 2.979113,937 3.346917,1000 oilseed
271 2.600994,332 5.687471,764 3.782635,852 3.419947,915 3.594145,987 2.427672,1000 oilseed
0 1.966986,1 1.061562,3 2.183552,6 1.636161,24 1.026151,27 3.322459,65 1.22138,70 1.490159,73 2.217613,93 1.504583,94 2.64154,101 1.66413,105 1.296937,108 4.599589,109 1.536058,118 4.887575,134 4.525078,150 1.601783,174 1.950293,184 4.391383,200 1.699684,205 1.88283,207 1.46984,223 1.284437,235 1.590692,254 2.519353,297 2.939494,407 2.866464,1000 oilseed
3 2.755336,24 1.294858,27 1.430905,58 1.046461,62 3.412085,93 2.384708,102 1.632256,105 0.818276,113 1.544583,185 1.767252,1000 oilseed
15 1.647037,58 1.046461,68 2.801961,94 2.64154,140 1.874495,295 2.965654,318 3.097382,414 3.627964,420 3.594145,443 3.324189,741 6.627437,1000 oilseed
6 2.593253,35 0.946821,59 1.636161,63 1.514369,72 1.264681,82 6.798191,94 7.924621,105 0.818276,123 2.421565,156 2.8004,160 2.346713,180 1.511092,187 2.250074,204 2.330529,205 1.88283,270 3.193411,281 1.88004,307 2.855007,323 2.585417,368 3.130395,442 2.789976,526 3.16506,776 4.58887,1000 oilseed
3 1.377668,25 1.485417,73 2.217613,77 2.226734,105 0.818276,115 1.145021,117 2.421565,156 2.8004,257 2.031933,1000 oilseed
3 2.183552,17 2.049482,24 1.026151,37 2.577845,73 2.217613,81 1.88283,94 2.64154,105 0.818276,117 2.421565,156 4.438529,249 2.779707,272 3.141086,1000 oilseed
3 2.755336,24 1.503284,37 2.577845,58 0.660244,73 3.514834,94 4.186742,109 1.536058,113 1.544583,135 2.161087,150 1.601783,156 4.438529,186 3.660508,249 2.779707,272 3.141086,672 3.782635,1000 oilseed
1 1.682535,5 0.972647,27 1.430905,46 2.274228,51 3.989644,58 0.660244,63 1.514369,70 1.490159,72 1.264681,94 6.133467,105 0.818276,107 1.422223,108 2.902018,114 2.042409,118 6.672578,133 1.360355,134 5.710013,143 2.018207,154 1.852748,156 2.8004,162 2.346713,174 1.950293,176 2.810982,184 5.309454,188 1.750887,200 1.699684,204 2.330529,229 5.016501,254 2.519353,270 2.014818,281 2.979793,298 2.325218,305 4.422008,414 3.627964,460 3.130395,517 3.20155,653 2.625036,870 3.130395,1000 oilseed
6 1.636161,27 1.430905,35 1.500676,43 1.88563,63 1.514369,82 2.421565,133 3.158646,156 5.6008,205 2.984214,207 2.939679,368 4.961559,1000 oilseed
6 3.272321,8 1.348617,13 1.539455,17 2.049482,70 1.490159,82 2.421565,94 4.186742,109 1.536058,133 2.156111,150 1.601783,156 5.6008,160 3.719452,223 1.284437,256 2.491898,310 2.433833,584 3.700994,673 2.914286,876 3.982041,1000 oilseed
0 2.881582,3 4.938887,6 1.636161,8 1.348617,19 1.788877,24 2.589716,43 4.378298,51 1.994822,56 2.294176,58 2.193281,63 5.238855,65 4.057337,81 2.984214,94 7.415741,108 6.738276,109 1.536058,113 1.544583,114 2.042409,130 1.998115,134 8.015017,150 1.601783,156 4.438529,160 2.346713,162 2.346713,168 4.14229,169 2.346713,175 6.101271,193 1.755523,195 1.630311,198 2.254838,207 4.882701,223 1.284437,243 1.725926,259 3.066994,284 3.050635,316 3.26016,319 2.533499,325 3.006843,414 7.255928,508 10.33832,706 4.462494,996 3.370416,1000 oilseed