50
15 0.586686,18 5.42375,24 0.647429,33 1.680634,63 1.514369,133 1.360355,174 1.950293,188 1.750887,200 2.693935,219 2.116614,220 3.097382,245 2.089729,274 2.250074,364 3.147511,466 3.531088,1000 gold
4 2.349126,12 3.336439,15 1.647037,18 7.007646,23 1.622588,24 1.294858,50 4.322175,51 1.994822,60 1.278568,63 2.400218,85 2.284131,97 2.76779,105 0.818276,130 1.998115,158 1.88004,166 2.667058,193 1.755523,212 5.167232,230 4.438529,426 2.902018,470 3.220541,719 3.92656,720 3.82737,920 2.939494,1000 gold
18 2.335882,24 0.647429,70 1.490159,150 1.601783,180 2.395023,181 1.258976,196 4.043227,209 2.675777,230 4.438529,292 6.003152,296 2.821729,434 6.066238,755 3.346917,797 3.006843,823 7.834386,861 4.181447,939 3.446107,1000 gold
4 1.174563,18 3.702285,24 0.647429,34 1.950293,42 2.12449,58 1.320487,63 2.400218,79 1.908452,105 0.818276,139 5.931308,166 2.667058,193 1.755523,212 5.167232,329 3.419947,350 2.52639,426 4.599589,694 3.501588,894 4.263088,1000 gold
3 2.755336,8 2.137508,15 0.586686,18 6.038167,24 1.026151,58 1.046461,63 3.028738,67 3.938055,105 1.899978,133 1.360355,139 6.886035,169 2.346713,193 1.755523,212 3.26016,241 4.327784,250 2.245343,306 7.18829,329 6.839894,350 4.004233,366 5.135386,433 2.843736,437 4.241006,867 2.939494,987 2.427672,1000 gold
4 1.174563,18 3.702285,127 3.65234,139 2.965654,212 3.26016,230 2.8004,306 5.696585,329 6.839894,935 3.006843,1000 gold
1 1.061562,3 2.183552,15 0.586686,18 6.038167,27 1.430905,28 1.436755,58 0.660244,63 1.514369,130 3.996229,185 2.801028,204 2.330529,235 1.590692,339 6.167749,1000 gold
4 3.297416,12 1.668219,15 1.760059,18 6.55765,24 1.026151,30 1.611162,31 1.899806,48 1.544583,50 3.425242,57 3.377488,63 1.514369,105 1.296937,129 6.133467,139 2.965654,151 3.589093,159 3.589093,166 7.487378,185 1.767252,212 8.427392,220 3.097382,222 1.750887,303 2.028476,306 3.594145,329 3.419947,398 3.06587,411 2.749783,441 3.20155,449 8.885446,453 3.370416,470 5.104437,797 3.006843,1000 gold
0 1.24103,2 1.080624,18 2.335882,20 1.519314,33 1.680634,35 1.893643,55 2.49866,65 1.22138,72 1.264681,91 1.858121,104 2.675777,227 2.078519,265 2.491898,267 2.001423,281 1.88004,385 2.711793,466 3.531088,919 3.021135,1000 gold
3 2.183552,15 0.929876,18 3.702285,24 0.647429,58 1.046461,63 2.400218,130 1.998115,139 2.965654,193 1.755523,230 2.8004,453 3.370416,1000 gold
18 6.55765,58 0.660244,139 4.70045,212 5.167232,230 2.8004,241 2.730527,306 3.594145,329 3.419947,466 3.531088,470 3.220541,572 3.663518,1000 gold
4 1.861639,5 2.258416,14 1.616852,18 5.42375,79 1.908452,86 2.281867,115 1.145021,147 4.783704,214 2.173729,241 4.327784,267 4.002847,300 2.821729,395 2.54794,1000 gold
18 3.702285,30 1.611162,48 2.448107,78 1.413648,97 3.492562,105 0.818276,115 1.145021,133 1.360355,166 2.667058,212 3.26016,281 2.979793,328 5.016501,329 3.419947,350 2.52639,572 3.663518,798 2.625036,1000 gold
0 1.24103,18 7.759632,31 1.899806,57 2.305494,58 1.533038,59 1.636161,65 1.22138,68 2.801961,70 1.490159,72 1.264681,78 2.240578,97 2.76779,105 2.297192,133 2.156111,139 4.70045,219 2.116614,243 1.725926,255 2.562689,269 2.082236,285 1.944158,298 2.325218,306 7.18829,395 2.54794,466 3.531088,634 3.875192,661 3.280853,1000 gold
0 1.24103,18 7.759632,31 1.899806,57 2.305494,58 1.533038,59 1.636161,65 1.22138,68 2.801961,70 1.490159,72 1.264681,78 2.240578,97 2.76779,105 2.297192,133 2.156111,139 4.70045,219 2.116614,243 1.725926,255 2.562689,269 2.082236,285 1.944158,298 2.325218,306 7.18829,395 2.54794,466 3.531088,634 3.875192,661 3.280853,1000 gold
0 1.24103,2 2.161249,3 2.183552,14 1.616852,18 5.42375,22 2.028476,23 1.622588,36 2.299254,39 1.565484,42 2.12449,52 1.485417,58 1.320487,63 1.514369,65 1.22138,68 2.801961,70 1.490159,130 1.998115,133 2.156111,154 1.852748,195 1.630311,238 2.011445,250 2.245343,255 2.562689,529 3.302182,821 3.097382,874 3.782635,1000 gold
3 2.755336,8 2.137508,15 0.586686,18 6.038167,24 1.026151,58 1.046461,63 3.028738,67 3.938055,105 1.899978,133 1.360355,139 6.886035,169 2.346713,193 1.755523,212 3.26016,241 4.327784,250 2.245343,306 7.18829,329 6.839894,350 4.004233,366 5.135386,433 2.843736,437 4.241006,867 2.939494,987 2.427672,1000 gold
18 5.42375,48 1.544583,306 7.18829,328 3.16506,329 6.839894,363 2.391811,470 3.220541,544 3.782635,1000 gold
14 2.562649,18 6.55765,24 1.026151,44 4.543238,58 0.660244,72 1.264681,105 0.818276,128 1.998115,139 6.886035,150 1.601783,166 4.227187,188 1.750887,230 2.8004,234 2.616929,241 2.730527,244 1.728158,267 2.001423,327 2.979113,329 3.419947,363 2.391811,366 3.240068,732 5.380534,935 3.006843,974 3.240068,1000 gold
1 1.061562,3 1.377668,4 1.861639,18 4.671764,48 1.544583,58 0.660244,63 1.514369,131 1.902676,139 7.666104,146 3.081447,166 2.667058,181 1.258976,196 4.043227,197 2.485201,209 2.675777,214 2.173729,223 1.284437,230 2.8004,270 2.014818,281 2.979793,292 2.585417,340 3.097382,434 8.886878,449 5.016501,544 7.56527,847 3.370416,908 3.021135,1000 gold
147 3.265386,188 1.750887,323 2.585417,1000 gold
3 2.755336,4 1.861639,18 6.55765,24 0.647429,44 4.543238,52 1.485417,63 1.514369,67 3.120835,73 2.217613,130 1.998115,139 4.70045,166 2.667058,366 7.523204,1000 gold
4 1.174563,18 7.007646,69 1.482273,93 1.504583,113 1.544583,186 2.309523,212 8.427392,244 3.456317,291 2.30437,329 8.840435,350 4.004233,470 3.220541,482 3.370416,1000 gold
18 4.671764,127 2.30437,139 2.965654,169 2.346713,222 1.750887,244 1.728158,306 5.696585,329 5.420488,572 3.663518,798 2.625036,1000 gold
14 1.616852,15 1.173373,18 7.007646,105 1.296937,113 1.544583,129 2.64154,133 1.360355,255 2.562689,306 5.696585,538 3.531088,687 3.183065,973 3.26016,1000 gold
2 2.161249,4 1.174563,12 3.336439,14 1.616852,15 1.647037,18 8.374049,24 0.647429,29 3.265386,35 3.145272,47 3.946544,58 1.046461,65 2.44276,69 2.349347,72 1.264681,81 1.88283,93 2.384708,102 1.632256,105 1.636552,106 2.165276,109 1.536058,112 1.806175,133 2.72071,150 1.601783,158 1.88004,161 2.008088,181 1.258976,195 1.630311,198 3.573834,212 3.26016,218 2.957951,238 2.011445,255 4.061765,265 3.949565,280 2.190951,281 1.88004,285 3.081418,306 5.696585,345 2.866464,395 7.152973,538 3.531088,649 2.693551,937 3.346917,1000 gold
4 1.174563,15 0.929876,18 5.42375,48 2.448107,68 1.400981,166 2.667058,169 2.346713,212 5.167232,798 2.625036,1000 gold
3 2.183552,4 1.861639,5 1.541608,18 3.702285,58 0.660244,73 2.217613,86 1.439698,112 2.86272,130 3.166937,139 6.886035,147 3.265386,166 2.667058,222 1.750887,230 2.8004,234 2.616929,363 5.553614,426 2.902018,432 3.26016,759 3.982041,872 2.952451,1000 gold
3 1.377668,5 0.972647,11 1.917208,18 3.702285,24 1.026151,58 0.660244,105 0.818276,223 1.284437,234 5.233858,363 2.391811,366 3.240068,452 3.446107,588 3.782635,620 3.875192,1000 gold
3 1.377668,5 0.972647,11 1.917208,18 3.702285,24 1.026151,58 0.660244,105 0.818276,223 1.284437,234 5.233858,363 2.391811,366 3.240068,452 3.446107,588 3.782635,620 3.875192,1000 gold
4 1.174563,18 6.038167,48 1.544583,67 1.969027,73 2.217613,86 1.439698,139 2.965654,166 2.667058,212 3.26016,267 2.001423,401 7.481227,426 5.804035,729 5.104437,919 3.021135,1000 gold
3 1.377668,18 3.702285,24 0.647429,67 1.969027,115 1.145021,148 2.491898,163 2.64154,241 2.730527,355 2.810982,437 2.675777,466 3.531088,720 6.066238,1000 gold
3 3.56122,15 0.586686,18 3.702285,24 1.294858,54 1.463705,57 1.454605,58 0.660244,105 0.818276,127 3.65234,166 2.667058,363 2.391811,366 5.135386,437 2.675777,449 3.16506,452 3.446107,466 3.531088,544 3.782635,642 4.181447,1000 gold
0 1.24103,15 0.586686,18 2.335882,20 3.038628,29 2.060229,35 0.946821,43 1.88563,58 0.660244,65 2.835957,97 1.746281,141 2.074822,195 1.630311,369 3.26016,395 2.54794,466 10.593265,957 3.370416,1000 gold
3 3.867602,8 1.348617,15 1.94893,18 9.547831,23 1.622588,24 0.647429,35 2.658063,47 3.399368,52 2.970833,58 1.533038,60 1.278568,72 1.264681,102 2.587064,103 5.297835,112 3.612351,113 1.544583,147 4.783704,179 5.201988,184 6.780116,195 1.630311,207 1.46984,219 2.116614,222 2.775089,223 1.284437,234 2.616929,257 2.031933,271 2.600994,275 6.832633,285 1.944158,297 5.878988,345 2.866464,465 3.183065,731 3.5619,935 3.006843,1000 gold
18 3.702285,20 1.519314,28 2.277202,35 0.946821,103 4.098965,105 1.636552,110 2.570182,133 1.360355,164 3.300265,220 4.909234,298 2.325218,306 3.594145,372 2.667058,395 2.54794,421 2.721097,638 2.711793,1000 gold
18 2.335882,48 1.544583,58 0.660244,166 2.667058,196 2.021613,230 4.438529,434 6.066238,492 3.473293,544 3.782635,1000 gold
5 1.945293,11 1.917208,15 1.516562,18 4.671764,24 0.647429,28 1.436755,58 1.533038,68 2.220502,84 3.412085,113 2.448107,130 1.998115,133 1.360355,166 4.227187,193 1.755523,230 5.6008,235 2.521187,244 1.728158,271 2.600994,327 5.958227,329 5.420488,366 3.240068,453 5.341982,900 3.531088,1000 gold
13 1.539455,15 0.586686,18 5.42375,32 1.858121,63 2.400218,67 6.241669,139 2.965654,169 2.346713,212 7.569858,230 5.6008,235 1.590692,244 2.739066,271 2.600994,327 6.917287,329 7.940872,366 3.240068,453 3.370416,1000 gold
18 3.702285,48 2.448107,139 2.965654,166 2.667058,169 2.346713,196 3.204182,209 2.675777,222 1.750887,230 2.8004,281 1.88004,292 2.585417,340 3.097382,434 3.82737,544 3.782635,908 3.021135,1000 gold
18 2.335882,48 2.448107,139 4.70045,166 2.667058,169 2.346713,196 4.694041,222 1.750887,230 4.438529,281 1.88004,292 4.097789,340 3.097382,434 6.066238,755 3.346917,908 3.021135,1000 gold
2 1.080624,5 3.083217,15 0.929876,18 5.42375,24 1.817563,28 2.873509,32 1.858121,69 3.83162,72 2.004472,102 2.587064,123 2.421565,182 3.763578,185 2.801028,206 3.628194,212 5.167232,306 5.696585,1000 gold
4 1.861639,8 1.348617,18 7.759632,24 1.026151,48 1.544583,58 0.660244,63 2.400218,67 1.969027,105 1.296937,127 2.30437,130 1.998115,139 4.70045,163 2.64154,166 2.667058,209 2.675777,212 5.167232,241 2.730527,268 3.809552,306 7.18829,327 5.958227,328 3.16506,329 5.420488,366 3.240068,466 5.596642,470 7.477865,544 5.995335,549 3.26016,945 4.942947,1000 gold
4 1.174563,12 1.668219,15 0.586686,18 2.335882,28 1.436755,30 1.611162,48 1.544583,68 1.400981,69 1.482273,78 1.413648,88 2.386011,97 1.746281,105 0.818276,127 4.60874,133 1.360355,139 2.965654,163 2.64154,166 4.227187,168 4.14229,169 2.346713,328 5.016501,544 3.782635,1000 gold
15 0.586686,18 4.671764,44 4.543238,48 2.448107,57 1.454605,67 4.57194,127 2.30437,163 2.64154,209 2.675777,212 6.520321,234 2.616929,241 6.340088,327 5.958227,329 6.839894,366 3.240068,453 6.740831,470 5.104437,1000 gold
15 0.929876,18 2.335882,44 2.866464,48 1.544583,127 2.30437,168 2.071145,241 2.730527,306 5.696585,328 3.16506,470 3.220541,572 3.663518,1000 gold
15 1.516562,18 7.759632,24 1.294858,30 3.222325,31 1.899806,35 2.840464,58 0.660244,65 1.22138,115 1.814816,184 2.997585,185 1.767252,207 2.329641,212 5.167232,223 1.284437,264 2.380259,269 3.300265,281 1.88004,285 1.944158,363 2.391811,395 2.54794,908 3.021135,1000 gold
18 6.038167,27 2.267931,28 1.436755,37 2.577845,58 0.660244,59 1.636161,63 2.400218,139 4.70045,212 12.73709,230 2.8004,1000 gold
18 3.702285,48 1.544583,212 5.167232,241 2.730527,328 3.16506,329 5.420488,1000 gold
4 2.349126,15 0.586686,16 1.684823,18 3.702285,24 1.67358,44 4.543238,58 0.660244,63 2.400218,79 3.024825,105 0.818276,139 2.965654,212 7.569858,220 3.097382,266 2.446323,290 2.505489,327 4.721783,350 2.52639,366 5.135386,466 5.596642,759 7.964082,1000 gold