26
1 1.682535,5 4.459549,7 1.902676,15 1.516562,16 2.670381,19 6.61963,24 2.887166,27 3.322459,28 1.436755,35 0.946821,37 1.626439,43 5.293633,53 2.190951,58 2.092922,68 2.220502,69 4.161266,83 2.108825,93 4.769416,102 2.587064,105 2.83077,113 1.544583,114 3.237142,143 2.018207,186 5.970031,187 2.250074,189 2.363283,193 3.511046,227 2.078519,369 7.569858,412 2.866464,468 5.505038,1000 bop
1 1.061562,5 1.945293,7 1.902676,15 0.586686,19 4.153643,20 1.519314,24 1.026151,25 1.485417,27 1.430905,28 1.436755,35 0.946821,37 1.626439,53 2.190951,57 1.454605,68 1.400981,69 3.441731,93 3.009166,105 1.899978,114 4.742328,181 1.258976,185 2.801028,189 4.726565,227 2.078519,243 1.725926,1000 bop
5 3.486902,16 3.369645,19 4.624179,24 1.026151,28 2.277202,43 1.88563,53 2.190951,58 0.660244,68 1.400981,90 1.721483,105 2.933489,114 4.084819,124 4.373886,132 3.928437,193 2.782438,218 1.86626,248 5.618706,300 2.821729,468 3.473293,1000 bop
5 2.258416,15 0.929876,16 1.684823,19 3.577753,27 1.430905,28 2.277202,48 1.544583,53 2.190951,54 1.463705,58 0.660244,60 1.278568,68 1.400981,72 2.004472,92 1.501352,93 1.504583,114 4.742328,115 1.145021,140 1.874495,184 1.891266,188 1.750887,189 2.363283,208 1.611162,210 2.555275,214 2.173729,227 2.078519,243 1.725926,259 1.935058,296 2.821729,373 7.185439,1000 bop
0 1.966986,1 1.061562,5 3.083217,19 2.835302,20 1.519314,24 0.647429,28 1.436755,43 5.293633,45 3.431881,58 0.660244,65 1.22138,78 2.240578,83 3.342409,102 2.587064,106 2.165276,113 1.544583,114 4.084819,115 1.145021,133 1.360355,165 2.299254,188 2.775089,218 1.86626,227 3.294375,243 3.451852,248 2.001423,412 2.866464,1000 bop
0 1.966986,1 2.744097,2 1.712749,4 1.174563,5 3.364805,13 2.439979,15 1.647037,19 1.788877,20 1.519314,25 4.170091,27 2.267931,28 1.436755,33 1.680634,35 1.500676,39 1.565484,47 1.699684,52 1.485417,54 2.319918,57 2.305494,58 2.193281,59 1.636161,63 1.514369,65 1.935842,67 3.938055,68 1.400981,72 5.058725,78 2.827295,92 1.501352,93 1.504583,105 2.454828,112 3.612351,114 3.237142,115 1.145021,143 2.018207,147 5.783794,151 2.264465,161 2.008088,185 1.767252,193 2.782438,195 1.630311,207 1.46984,210 2.555275,225 2.363283,227 2.078519,243 1.725926,265 4.983796,266 2.446323,267 3.172181,312 5.233858,334 2.446323,339 11.080291,356 2.616929,423 3.16506,428 4.561702,875 4.942947,882 5.704447,1000 bop
5 3.800024,16 4.355203,24 1.942287,28 1.436755,33 1.680634,48 1.544583,53 2.190951,58 1.706705,72 2.004472,105 2.297192,114 2.042409,141 3.288515,218 3.732519,244 1.728158,248 6.923787,274 2.250074,423 7.349041,617 6.756835,858 3.875192,1000 bop
5 3.486902,16 1.684823,19 1.788877,28 2.277202,43 4.874283,58 1.046461,72 2.004472,102 1.632256,114 2.042409,132 2.478568,140 1.874495,168 2.071145,186 2.309523,188 1.750887,193 1.755523,227 2.078519,248 4.002847,277 3.370416,372 2.667058,1000 bop
1 1.061562,5 3.486902,19 4.153643,24 0.647429,43 5.977306,58 1.046461,93 3.493534,114 4.084819,124 2.759615,132 3.928437,186 5.362547,188 1.750887,227 2.078519,244 2.739066,277 7.825863,435 2.914286,550 3.627964,1000 bop
1 3.805659,2 1.712749,5 4.272173,15 1.94893,19 2.835302,24 1.026151,25 2.354329,27 3.322459,37 3.776474,43 7.862937,53 6.150776,58 1.046461,65 1.935842,68 3.252976,69 5.929092,90 2.728486,93 5.393874,102 2.587064,113 3.089167,114 6.474285,124 2.759615,132 2.478568,143 2.018207,181 1.258976,183 2.952451,185 3.534503,186 2.309523,189 3.745714,238 3.188065,243 2.735528,250 2.245343,259 1.935058,264 9.29941,288 6.307437,299 5.233858,372 2.667058,377 2.779707,435 2.914286,468 5.505038,857 3.663518,888 3.302182,1000 bop
1 1.061562,2 1.080624,5 4.337451,12 2.644065,15 1.362244,16 3.912037,19 3.577753,24 2.052302,27 2.267931,37 2.577845,43 5.656891,47 1.699684,58 0.660244,65 1.935842,69 5.127822,72 2.004472,93 5.205002,101 1.66413,102 2.587064,114 4.084819,124 4.373886,132 3.928437,141 2.074822,161 3.182745,174 1.950293,187 2.250074,191 5.387102,193 4.076198,200 1.699684,206 2.289135,213 2.067487,218 2.957951,222 1.750887,227 2.078519,238 4.02289,243 1.725926,257 2.031933,259 1.935058,264 9.29941,269 4.834802,288 3.867387,300 2.821729,312 4.147734,369 3.26016,395 2.54794,407 2.866464,468 6.946585,1000 bop
2 1.712749,5 2.514255,19 3.577753,43 3.771261,69 2.349347,93 1.504583,113 2.448107,185 2.801028,227 4.157038,337 2.512387,1000 bop
1 2.123123,5 4.863233,19 6.188497,24 1.817563,27 1.430905,28 3.336041,37 1.626439,43 5.977306,52 2.354329,58 2.193281,69 5.127822,93 5.728482,102 3.78998,105 2.83077,113 1.544583,114 4.742328,124 4.373886,132 3.928437,185 1.767252,188 1.750887,193 2.782438,227 3.294375,259 3.066994,312 2.616929,369 5.167232,468 3.473293,1000 bop
1 1.061562,2 1.712749,5 3.231062,13 3.078911,14 1.616852,15 0.929876,19 4.624179,20 3.038628,24 1.503284,25 1.485417,27 2.86181,28 2.277202,33 2.663742,35 1.893643,37 1.626439,43 1.88563,57 2.90921,69 2.964546,72 2.004472,78 1.413648,86 1.439698,93 3.009166,97 1.746281,102 1.632256,103 3.248353,105 2.593874,114 4.084819,143 2.018207,152 2.254838,186 2.309523,189 2.363283,195 1.630311,203 2.144583,299 4.147734,337 2.512387,369 3.26016,384 4.342937,872 5.904901,883 3.473293,1000 bop
1 1.061562,19 5.022012,24 3.265887,27 1.430905,37 1.626439,43 4.378298,53 2.190951,58 1.533038,59 1.636161,93 4.223899,102 2.587064,105 2.297192,114 2.042409,132 2.478568,185 3.534503,186 7.321016,277 3.370416,369 3.26016,857 3.663518,1000 bop
1 1.682535,19 5.36663,24 3.265887,25 1.485417,27 1.430905,37 1.626439,43 3.771261,53 2.190951,59 2.593253,69 5.485062,93 5.393874,105 2.83077,114 4.084819,124 7.133501,132 8.233624,143 2.018207,185 4.961303,277 6.740831,337 2.512387,369 3.26016,1000 bop
1 1.061562,5 4.399827,19 4.153643,24 2.239737,27 2.267931,28 1.436755,37 2.577845,43 2.988653,53 2.190951,58 2.193281,59 1.636161,67 1.969027,105 2.593874,113 2.448107,114 2.042409,186 4.619047,248 7.175028,369 5.167232,1000 bop
1 2.123123,5 4.131733,15 1.173373,19 4.624179,27 2.86181,28 1.436755,37 3.252878,53 2.190951,58 1.046461,109 1.536058,113 3.089167,118 2.104964,138 2.391811,174 3.900585,185 1.767252,200 1.699684,238 2.011445,369 3.26016,1000 bop
1 1.682535,2 1.080624,5 2.91794,19 4.153643,24 3.043201,27 1.430905,28 2.277202,37 1.626439,43 6.263928,58 1.853538,69 5.791078,93 4.998117,105 3.115468,113 3.089167,114 5.279552,185 1.767252,193 2.782438,227 2.078519,312 2.616929,369 5.167232,468 3.473293,1000 bop
1 1.682535,5 2.730564,19 1.788877,24 1.294858,27 1.430905,28 1.436755,37 1.626439,43 1.88563,58 0.660244,69 3.83162,93 3.009166,105 1.636552,185 1.767252,369 3.26016,1000 bop
1 1.061562,2 1.080624,19 2.835302,24 1.67358,28 1.436755,43 2.988653,58 0.660244,93 3.493534,105 0.818276,113 1.544583,114 2.042409,185 1.767252,227 2.078519,1000 bop
1 1.682535,2 1.712749,5 2.730564,19 3.577753,24 1.026151,39 1.565484,43 4.378298,58 0.660244,113 2.448107,114 2.042409,185 1.767252,227 4.157038,871 9.041335,1000 bop
2 1.712749,5 0.972647,19 2.835302,24 1.026151,39 1.565484,93 2.384708,113 1.544583,114 2.042409,185 1.767252,227 2.078519,1000 bop
1 1.061562,5 0.972647,8 2.137508,15 1.859752,19 4.153643,23 3.245176,24 0.647429,27 1.430905,29 3.265386,31 1.899806,33 1.680634,35 0.946821,39 1.565484,43 1.88563,54 3.783624,58 1.320487,59 1.636161,63 1.514369,72 2.004472,78 1.413648,91 2.945052,101 1.66413,105 1.296937,114 4.742328,136 2.702612,193 1.755523,208 3.222325,213 2.067487,218 2.957951,221 5.904901,227 2.078519,231 2.680414,235 1.590692,290 3.971107,330 2.368895,336 2.421565,384 2.740088,440 2.914286,1000 bop
1 2.46487,5 4.98898,16 4.355203,19 5.36663,20 1.519314,24 1.294858,28 2.873509,31 3.799611,38 1.9722,47 3.399368,58 1.706705,59 5.186507,60 1.278568,70 1.490159,72 4.375078,78 1.413648,102 2.587064,105 4.162949,109 3.072115,112 1.806175,113 3.089167,114 4.084819,150 3.203565,161 5.637416,186 2.309523,188 1.750887,195 1.630311,206 3.628194,207 1.46984,218 2.957951,227 2.078519,244 2.739066,248 8.790887,259 4.493065,300 5.643458,354 4.743538,421 2.721097,462 3.280853,468 3.473293,480 3.446107,844 4.942947,1000 bop
1 2.98018,5 4.818683,7 1.902676,15 2.492201,18 2.335882,19 5.670605,24 2.239737,27 4.017059,28 4.772796,37 4.879317,42 2.12449,49 2.284131,52 2.970833,58 1.533038,59 4.229414,65 1.22138,70 1.490159,76 2.459041,83 2.108825,89 2.368895,94 4.186742,102 4.582321,105 4.324918,106 2.165276,133 2.156111,156 2.8004,159 2.264465,186 2.309523,190 3.809552,227 3.294375,236 2.855007,244 1.728158,248 6.00427,259 3.870116,317 2.519353,332 2.843736,365 3.20155,503 3.20155,1000 bop