67
5 1.541608,8 2.137508,15 1.173373,16 4.355203,19 3.577753,23 5.390121,25 1.485417,27 3.322459,29 4.120458,36 2.299254,54 3.783624,58 1.320487,62 2.152786,63 1.514369,68 2.801961,78 1.413648,101 5.275167,114 5.279552,125 5.985679,140 4.352443,172 2.12449,180 1.511092,186 2.309523,187 2.250074,213 5.344377,243 1.725926,250 2.245343,333 4.988687,384 4.342937,541 5.104437,786 3.663518,793 5.480176,798 2.625036,919 3.021135,1000 gnp
5 1.541608,15 2.492201,23 2.571741,27 1.430905,28 4.03348,36 5.338703,37 1.626439,53 2.190951,58 1.046461,62 4.305572,65 1.22138,68 3.252976,83 2.108825,101 1.66413,102 1.632256,105 0.818276,113 3.089167,124 2.759615,125 6.949158,132 2.478568,160 2.346713,185 4.103431,193 1.755523,243 3.451852,248 7.819342,250 3.558784,372 4.227187,1000 gnp
0 1.24103,2 1.080624,15 1.516562,23 3.767533,25 1.485417,36 2.299254,54 1.463705,58 1.320487,62 2.152786,64 2.8004,92 1.501352,101 1.66413,109 1.536058,113 1.544583,115 1.145021,125 2.99284,138 2.391811,140 4.352443,180 3.022183,188 1.750887,189 3.745714,250 2.245343,265 2.491898,356 2.616929,456 3.021135,1000 gnp
5 2.258416,15 1.760059,19 3.577753,23 3.767533,27 1.430905,31 1.899806,36 2.299254,54 1.463705,58 1.533038,60 1.278568,62 2.152786,92 1.501352,101 1.66413,113 2.448107,125 2.99284,140 1.874495,188 1.750887,213 2.067487,223 1.284437,336 2.421565,353 2.711793,444 3.280853,729 3.220541,1000 gnp
2 1.080624,3 2.183552,5 1.541608,15 1.362244,17 2.049482,24 2.321009,25 1.485417,29 3.265386,36 2.299254,58 1.706705,62 2.152786,67 1.969027,68 1.400981,72 2.004472,78 1.413648,92 1.501352,101 1.66413,102 1.632256,105 2.115213,113 1.544583,130 1.998115,143 2.018207,188 1.750887,207 1.46984,218 1.86626,223 1.284437,231 1.691153,353 2.711793,1000 gnp
8 1.348617,15 1.516562,20 1.519314,23 2.571741,47 1.699684,54 1.463705,58 1.046461,68 1.400981,80 2.259635,91 2.945052,101 2.637584,106 2.165276,184 3.782531,187 2.250074,200 1.699684,208 2.553632,223 1.284437,225 2.363283,231 1.691153,243 1.725926,269 3.300265,288 2.44005,310 2.433833,373 2.779707,679 2.577758,852 3.419947,964 3.594145,1000 gnp
2 1.712749,15 1.173373,23 2.571741,36 2.299254,58 0.660244,62 2.152786,185 1.767252,649 2.693551,840 3.147511,1000 gnp
4 1.174563,5 3.364805,14 1.616852,15 1.173373,23 1.622588,31 1.899806,36 2.299254,58 0.660244,62 2.152786,92 1.501352,165 2.299254,168 3.282687,188 1.750887,208 1.611162,213 2.067487,221 4.679523,245 2.089729,247 2.274228,335 2.386011,1000 gnp
1 1.061562,15 1.647037,28 1.436755,36 3.644232,60 1.278568,62 3.412085,68 1.400981,91 2.945052,92 1.501352,114 2.042409,140 3.74899,186 2.309523,207 1.46984,221 2.952451,247 2.274228,334 2.446323,353 2.711793,1000 gnp
2 2.161249,5 1.541608,8 1.348617,13 3.574505,14 1.616852,15 1.516562,16 2.670381,23 1.622588,24 1.942287,29 2.060229,35 0.946821,39 1.565484,47 5.38787,57 4.083592,58 1.706705,60 3.30505,67 1.969027,70 2.361846,72 2.004472,105 2.454828,113 1.544583,125 2.99284,133 1.360355,141 2.074822,152 5.235572,158 5.959587,159 2.264465,180 1.511092,192 2.585417,193 1.755523,195 1.630311,214 2.173729,216 2.505489,227 2.078519,272 1.981805,281 1.88004,285 3.888317,343 3.006843,403 2.721097,505 3.663518,626 4.355645,664 3.446107,668 3.700994,673 2.914286,730 3.20155,797 4.765733,819 4.108417,915 5.696585,983 2.952451,1000 gnp
9 2.284131,14 1.616852,15 1.94893,28 1.436755,36 2.299254,53 2.190951,58 1.046461,62 2.152786,63 1.514369,83 3.342409,101 1.66413,102 1.632256,106 2.165276,125 4.743538,130 1.998115,138 3.790931,159 2.264465,190 2.40356,193 1.755523,235 1.590692,250 2.245343,300 2.821729,377 2.779707,1000 gnp
2 2.161249,8 1.348617,15 0.929876,23 3.245176,29 4.120458,36 2.299254,38 1.9722,39 1.565484,47 1.699684,53 2.190951,58 0.660244,62 2.152786,70 1.490159,91 2.945052,101 1.66413,115 1.145021,159 2.264465,203 2.144583,223 2.035784,231 1.691153,244 1.728158,248 4.002847,288 2.44005,353 2.711793,419 4.438529,634 3.875192,692 3.394739,799 2.821729,801 3.346917,909 3.501588,1000 gnp
15 1.516562,23 1.622588,28 2.277202,36 2.299254,53 2.190951,62 2.152786,83 2.108825,90 1.721483,101 1.66413,102 1.632256,124 2.759615,125 2.99284,130 1.998115,132 2.478568,166 2.667058,235 1.590692,256 3.949565,1000 gnp
1 2.46487,2 1.080624,5 1.945293,8 1.348617,13 1.539455,15 1.94893,19 2.835302,23 3.245176,24 0.647429,27 2.267931,28 2.277202,36 2.299254,37 1.626439,43 1.88563,53 3.472575,54 1.463705,58 1.706705,62 2.152786,65 1.22138,68 1.400981,83 2.108825,90 2.728486,91 4.314423,92 1.501352,101 1.66413,105 1.899978,114 2.042409,125 4.743538,140 1.874495,161 2.008088,188 1.750887,189 3.745714,213 2.067487,244 2.739066,248 4.002847,259 1.935058,299 6.076321,300 2.821729,744 3.021135,801 3.346917,811 3.370416,854 3.473293,1000 gnp
8 1.348617,15 1.94893,23 3.245176,28 2.873509,36 2.299254,53 3.472575,58 1.046461,62 2.152786,68 2.220502,69 1.482273,92 1.501352,101 2.637584,124 2.759615,125 2.99284,132 2.478568,140 1.874495,188 1.750887,213 2.067487,218 1.86626,248 4.647161,250 2.245343,649 2.693551,969 4.58887,1000 gnp
1 1.061562,15 1.760059,23 1.622588,28 1.436755,36 2.299254,53 2.190951,58 0.660244,62 3.412085,65 1.22138,68 1.400981,83 3.342409,90 1.721483,93 3.009166,101 1.66413,124 2.759615,130 3.166937,132 2.478568,188 1.750887,256 3.949565,798 2.625036,1000 gnp
2 1.712749,5 0.972647,6 1.636161,15 1.760059,23 1.622588,28 1.436755,36 2.299254,39 1.565484,58 1.320487,62 2.152786,68 1.400981,101 1.66413,113 1.544583,125 2.99284,235 1.590692,412 2.866464,1000 gnp
2 1.080624,15 0.929876,23 2.571741,36 2.299254,54 2.319918,58 0.660244,62 2.152786,92 1.501352,101 1.66413,113 1.544583,115 1.145021,138 2.391811,140 2.971004,180 1.511092,188 1.750887,456 3.021135,1000 gnp
1 1.061562,2 3.589756,8 4.045852,13 4.879958,14 2.562649,15 1.516562,20 2.408056,23 5.143483,25 1.485417,28 1.436755,29 2.060229,35 2.198451,38 3.125863,39 4.696452,47 1.699684,54 3.783624,57 3.760099,58 1.046461,60 1.278568,64 5.6008,68 1.400981,69 1.482273,72 2.004472,78 1.413648,84 2.152786,87 2.391811,91 3.716242,92 1.501352,93 1.504583,97 1.746281,101 1.66413,106 2.165276,132 2.478568,140 1.874495,181 1.258976,188 3.501773,191 4.269177,193 2.782438,200 1.699684,208 3.222325,216 5.817566,231 3.926735,235 1.590692,238 2.011445,243 3.451852,267 3.172181,269 3.300265,288 6.307437,330 2.368895,716 3.419947,821 3.097382,840 3.147511,901 4.355645,976 4.263088,1000 gnp
0 1.24103,1 1.061562,2 1.080624,5 2.258416,8 1.348617,15 2.535617,16 2.670381,19 2.835302,20 1.519314,23 5.390121,25 1.485417,27 1.430905,29 2.060229,35 1.500676,36 3.644232,37 1.626439,43 1.88563,45 2.165276,51 1.994822,54 3.398619,58 2.579499,62 2.152786,64 2.8004,65 2.44276,68 3.252976,69 1.482273,78 1.413648,91 1.858121,101 2.637584,106 2.165276,113 3.99269,125 4.743538,133 1.360355,140 4.8455,143 2.018207,165 2.299254,184 1.891266,187 4.500149,208 1.611162,213 2.067487,218 2.957951,227 2.078519,235 1.590692,243 3.451852,274 2.250074,296 2.821729,299 2.616929,310 2.433833,353 4.298089,801 3.346917,927 3.501588,1000 gnp
0 1.24103,2 1.712749,5 1.541608,15 2.103249,19 3.577753,20 1.519314,23 3.767533,27 2.267931,36 2.299254,39 1.565484,43 1.88563,54 2.927411,58 2.092922,62 2.152786,64 2.8004,68 3.252976,101 2.637584,109 1.536058,113 1.544583,114 3.237142,125 2.99284,138 3.790931,140 3.74899,200 1.699684,208 2.553632,213 2.067487,223 1.284437,227 2.078519,243 1.725926,250 3.558784,256 2.491898,372 2.667058,679 2.577758,1000 gnp
0 1.24103,2 1.712749,15 2.029602,18 2.335882,23 3.245176,28 1.436755,36 2.299254,52 2.354329,54 2.927411,58 1.046461,62 2.152786,68 1.400981,91 3.716242,93 1.504583,101 1.66413,102 1.632256,106 5.597156,112 1.806175,115 1.145021,138 2.391811,147 2.060229,149 4.186742,184 2.997585,186 2.309523,187 3.566283,189 5.487372,218 1.86626,221 4.679523,248 5.173604,250 4.490686,275 2.433833,299 4.147734,307 5.710013,310 2.433833,333 3.147511,377 2.779707,774 13.503829,798 2.625036,846 5.304738,1000 gnp
2 1.080624,8 1.348617,14 2.562649,15 0.586686,23 5.143483,29 5.325615,32 1.858121,35 0.946821,38 3.125863,39 1.565484,54 3.783624,58 1.046461,65 1.935842,68 1.400981,69 1.482273,81 1.88283,86 2.879396,90 1.721483,106 2.165276,120 4.819019,178 2.156924,180 1.511092,189 2.363283,221 2.952451,231 3.382305,232 2.148672,246 5.304738,250 2.245343,266 2.446323,272 3.141086,299 2.616929,330 2.368895,824 3.782635,829 4.743541,1000 gnp
1 2.123123,13 2.439979,15 0.586686,19 4.153643,20 1.519314,23 4.194329,32 3.716242,36 2.299254,38 3.125863,52 1.485417,54 2.927411,57 1.454605,62 2.152786,72 1.264681,78 1.413648,90 4.449968,107 1.422223,120 2.40951,133 2.156111,180 1.511092,188 2.775089,193 2.782438,207 1.46984,213 3.27689,215 2.64154,218 1.86626,223 1.284437,231 2.680414,238 2.011445,270 2.014818,289 3.897488,305 2.789976,323 4.097789,330 2.368895,662 5.579953,971 3.594145,1000 gnp
5 1.541608,15 1.362244,19 2.835302,29 2.060229,36 2.299254,58 0.660244,62 2.152786,64 2.8004,68 1.400981,227 2.078519,649 4.269177,1000 gnp
0 2.482059,1 1.061562,5 1.541608,8 2.697235,15 2.029602,19 1.788877,20 1.519314,25 2.354329,27 1.430905,29 4.783704,30 2.553632,35 1.500676,36 2.299254,46 2.274228,54 1.463705,58 2.193281,62 2.152786,64 5.6008,65 3.66414,68 2.220502,70 1.490159,76 2.459041,78 1.413648,83 4.217651,84 2.152786,91 3.716242,93 2.384708,101 3.32826,105 1.296937,106 3.431881,109 1.536058,114 2.042409,133 1.360355,140 2.971004,150 1.601783,181 1.258976,186 2.309523,195 3.260623,198 2.254838,214 4.347457,218 1.86626,222 1.750887,235 2.521187,238 2.011445,243 2.735528,248 2.001423,274 2.250074,276 3.097382,289 2.459041,336 2.421565,337 2.512387,353 4.298089,444 8.480882,816 3.130395,825 2.633239,857 3.663518,883 3.473293,910 3.473293,957 5.341982,964 3.594145,1000 gnp
1 1.061562,15 1.173373,23 3.767533,29 2.060229,36 2.299254,54 2.927411,58 1.320487,60 1.278568,62 2.152786,91 2.945052,92 1.501352,101 1.66413,115 1.145021,172 3.367238,188 1.750887,223 1.284437,248 2.001423,385 2.711793,506 3.183065,652 3.26016,692 3.394739,900 3.531088,916 2.570182,970 3.594145,1000 gnp
0 1.24103,1 1.061562,5 1.541608,8 1.348617,15 2.724487,19 1.788877,20 1.519314,23 1.622588,29 3.265386,36 2.299254,43 2.988653,58 2.853525,62 2.152786,68 3.621482,76 2.459041,78 1.413648,92 1.501352,101 1.66413,105 1.296937,106 2.165276,113 1.544583,125 2.99284,133 2.156111,140 3.74899,143 2.018207,183 2.952451,188 2.775089,208 1.611162,213 4.134975,218 2.957951,243 2.735528,333 3.147511,353 2.711793,634 3.875192,640 3.594145,653 5.250072,825 2.633239,927 3.501588,1000 gnp
5 1.541608,15 2.233723,16 1.684823,19 1.788877,23 2.571741,24 0.647429,28 2.277202,29 3.265386,36 2.299254,38 3.125863,58 2.092922,60 1.278568,62 2.152786,63 2.400218,67 1.969027,68 2.801961,69 1.482273,101 2.637584,113 1.544583,128 1.998115,138 2.391811,140 2.971004,143 2.018207,200 1.699684,218 1.86626,243 1.725926,250 3.558784,319 2.533499,336 2.421565,353 4.298089,962 4.462494,1000 gnp
5 2.730564,8 2.137508,15 1.362244,16 1.684823,23 2.571741,24 1.026151,36 3.644232,38 1.9722,54 1.463705,58 1.706705,60 1.278568,62 2.152786,91 2.945052,92 1.501352,93 1.504583,109 1.536058,138 2.391811,140 1.874495,150 1.601783,152 3.573834,184 6.542704,186 2.309523,187 2.250074,188 1.750887,189 2.363283,196 3.204182,205 1.88283,207 1.46984,208 2.553632,222 1.750887,250 2.245343,264 7.140776,269 3.300265,288 2.44005,310 5.651185,405 2.832645,564 3.446107,580 8.130436,651 3.782635,723 2.693551,1000 gnp
8 1.348617,13 1.539455,15 1.362244,23 2.571741,27 1.430905,36 2.299254,58 1.320487,62 2.152786,91 1.858121,140 1.874495,250 3.558784,256 2.491898,353 2.711793,786 3.663518,1000 gnp
2 1.080624,13 2.439979,36 2.299254,38 3.125863,47 1.699684,53 2.190951,57 1.454605,62 2.152786,68 1.400981,70 1.490159,72 1.264681,80 2.259635,83 2.108825,90 1.721483,91 3.716242,93 1.504583,106 2.165276,107 1.422223,113 1.544583,124 2.759615,132 2.478568,140 1.874495,185 2.801028,189 2.363283,191 2.693551,193 1.755523,203 2.144583,216 2.505489,218 1.86626,221 2.952451,222 1.750887,225 3.745714,231 1.691153,235 2.521187,243 1.725926,248 4.647161,250 2.245343,269 2.082236,270 4.678262,310 2.433833,405 2.832645,552 3.663518,679 2.577758,744 3.021135,798 2.625036,873 3.82737,964 3.594145,1000 gnp
0 1.24103,8 1.348617,14 1.616852,15 1.173373,20 1.519314,23 3.767533,25 1.485417,27 2.86181,29 3.265386,32 1.858121,33 1.680634,35 0.946821,36 2.299254,38 4.579306,39 2.481233,47 2.693935,54 2.319918,58 1.046461,62 3.412085,68 2.801961,70 3.460041,80 2.259635,81 1.88283,90 1.721483,91 2.945052,101 1.66413,138 7.581862,140 1.874495,191 4.269177,195 1.630311,207 2.329641,208 1.611162,218 1.86626,221 5.904901,222 1.750887,225 2.363283,231 5.073458,238 4.67043,256 2.491898,269 4.164471,288 2.44005,292 2.585417,296 4.472335,465 3.183065,471 3.220541,744 3.021135,801 6.693834,804 3.627964,869 3.302182,879 3.006843,919 3.021135,979 3.446107,1000 gnp
8 1.348617,15 0.586686,23 1.622588,36 2.299254,54 2.319918,58 1.046461,62 2.152786,91 1.858121,124 2.759615,132 2.478568,138 3.790931,140 1.874495,221 2.952451,248 3.172181,250 2.245343,269 3.300265,651 3.782635,679 2.577758,842 3.081447,916 2.570182,1000 gnp
0 1.24103,1 1.682535,5 2.91794,15 1.647037,19 2.835302,20 1.519314,23 1.622588,28 1.436755,29 2.060229,36 2.299254,53 2.190951,54 1.463705,58 1.046461,62 2.152786,64 4.438529,65 2.44276,68 2.220502,70 1.490159,101 1.66413,125 5.985679,138 2.391811,208 1.611162,213 2.067487,227 3.294375,250 2.245343,337 2.512387,372 2.667058,1000 gnp
4 1.174563,13 1.539455,15 2.103249,20 2.408056,23 2.571741,27 1.430905,28 1.436755,29 2.060229,33 1.680634,36 2.299254,54 1.463705,57 1.454605,58 2.092922,62 2.152786,72 1.264681,80 2.259635,101 2.637584,125 6.949158,140 1.874495,154 1.852748,213 2.067487,218 1.86626,250 3.558784,269 3.300265,288 2.44005,299 2.616929,337 2.512387,350 2.52639,353 4.298089,957 3.370416,1000 gnp
2 2.793373,8 1.348617,15 2.029602,18 2.335882,20 1.519314,23 2.571741,27 2.86181,28 2.277202,33 1.680634,35 0.946821,52 3.44903,53 2.190951,54 1.463705,56 2.294176,58 1.980731,63 1.514369,65 1.935842,68 4.202942,69 1.482273,78 1.413648,80 2.259635,91 6.428042,93 1.504583,101 2.637584,102 1.632256,106 3.431881,112 2.86272,128 1.998115,135 2.161087,140 1.874495,147 4.120458,151 2.264465,152 3.573834,154 1.852748,160 2.346713,178 2.156924,181 1.99543,183 4.679523,185 3.534503,189 7.491429,200 1.699684,218 1.86626,221 4.679523,222 1.750887,225 2.363283,231 1.691153,232 2.148672,238 2.011445,245 2.089729,248 6.923787,251 2.832645,275 2.433833,285 1.944158,288 2.44005,293 2.264465,299 4.147734,353 2.711793,373 2.779707,377 2.779707,378 2.914286,798 2.625036,799 4.472335,841 3.594145,846 5.304738,867 2.939494,1000 gnp
15 1.647037,23 2.571741,28 1.436755,36 2.299254,52 1.485417,54 1.463705,58 0.660244,62 2.152786,140 2.971004,221 6.855378,248 2.001423,353 2.711793,1000 gnp
15 0.586686,28 1.436755,36 2.299254,54 1.463705,62 2.152786,115 1.145021,185 1.767252,221 4.679523,248 3.172181,1000 gnp
2 1.080624,13 1.539455,15 0.586686,20 1.519314,36 2.299254,48 1.544583,52 3.44903,54 3.398619,62 2.152786,64 2.8004,78 1.413648,91 3.716242,92 1.501352,112 1.806175,116 2.173729,147 2.060229,168 2.071145,180 2.395023,184 1.891266,213 2.067487,221 2.952451,223 1.284437,235 1.590692,243 1.725926,247 2.274228,378 2.914286,405 2.832645,493 5.200029,512 3.302182,723 2.693551,883 3.473293,928 2.889963,1000 gnp
0 1.24103,6 1.636161,9 5.303587,15 1.362244,27 1.430905,28 2.277202,29 2.060229,42 2.12449,58 1.320487,63 1.514369,65 2.835957,69 1.482273,72 2.004472,91 4.314423,92 3.486031,133 1.360355,162 3.719452,171 2.577758,173 2.740088,204 2.330529,218 2.957951,222 1.750887,223 1.284437,250 2.245343,300 2.821729,303 2.028476,377 2.779707,395 2.54794,1000 gnp
0 1.24103,2 1.712749,15 0.929876,23 2.571741,36 2.299254,39 1.565484,54 1.463705,58 1.046461,62 2.152786,65 1.22138,101 1.66413,113 1.544583,198 2.254838,250 2.245343,344 3.050635,1000 gnp
2 1.080624,5 0.972647,8 1.348617,15 1.173373,20 1.519314,23 2.571741,33 1.680634,36 2.299254,47 1.699684,54 1.463705,58 0.660244,62 2.152786,65 1.22138,67 1.969027,72 1.264681,78 1.413648,91 1.858121,101 1.66413,105 1.296937,125 2.99284,140 1.874495,198 2.254838,213 2.067487,218 1.86626,250 2.245343,313 7.718527,344 6.101271,373 4.405732,737 3.5619,953 6.142034,1000 gnp
0 2.482059,1 1.061562,2 2.793373,5 1.541608,8 1.348617,15 2.29212,19 1.788877,22 2.028476,23 3.767533,25 1.485417,27 2.267931,29 2.060229,31 1.899806,36 3.644232,39 1.565484,58 0.660244,60 1.278568,62 3.412085,65 1.22138,68 3.621482,70 1.490159,73 2.217613,76 2.459041,100 3.16506,101 1.66413,105 0.818276,106 2.165276,114 3.237142,125 4.743538,140 3.74899,151 2.264465,175 3.050635,187 2.250074,198 2.254838,213 2.067487,221 6.855378,344 3.050635,353 4.298089,372 2.667058,419 2.8004,950 3.700994,953 7.750384,1000 gnp
8 1.348617,15 1.94893,23 2.571741,28 1.436755,36 2.299254,54 1.463705,62 2.152786,63 2.400218,65 2.44276,68 2.220502,69 1.482273,91 4.803173,124 2.759615,132 2.478568,133 1.360355,136 6.98615,222 1.750887,244 1.728158,248 4.002847,250 2.245343,270 2.014818,272 1.981805,333 4.988687,798 2.625036,802 3.324189,927 7.003176,1000 gnp
1 1.061562,20 1.519314,23 3.245176,27 1.430905,54 3.398619,58 0.660244,80 2.259635,91 2.945052,92 1.501352,107 1.422223,109 1.536058,118 4.887575,140 4.352443,174 3.900585,180 1.511092,188 2.775089,200 1.699684,207 1.46984,208 1.611162,223 1.284437,238 3.188065,243 1.725926,269 2.082236,282 2.386011,288 2.44005,378 2.914286,405 2.832645,533 3.501588,649 2.693551,679 2.577758,775 2.855007,1000 gnp
5 2.730564,15 1.173373,19 1.788877,36 2.299254,54 1.463705,58 1.533038,62 2.152786,91 3.716242,92 2.379586,101 1.66413,115 1.145021,125 4.743538,168 2.071145,188 2.775089,193 1.755523,213 2.067487,222 2.775089,231 1.691153,247 2.274228,250 2.245343,282 2.386011,330 2.368895,353 6.296587,500 3.82737,541 3.220541,640 3.594145,665 4.462494,675 3.324189,805 3.594145,980 4.355645,1000 gnp
1 1.682535,11 1.917208,12 1.668219,15 1.760059,19 2.835302,20 1.519314,23 2.571741,25 1.485417,29 3.265386,36 2.299254,38 1.9722,54 3.398619,58 0.660244,62 2.152786,70 1.490159,91 2.945052,101 1.66413,125 6.949158,195 1.630311,198 2.254838,218 1.86626,231 3.382305,235 1.590692,243 1.725926,250 3.558784,266 2.446323,330 2.368895,333 3.147511,336 2.421565,350 2.52639,353 2.711793,373 7.803625,444 5.200029,485 3.006843,535 3.302182,988 3.740613,1000 gnp
2 3.241873,5 0.972647,8 2.697235,15 1.859752,20 1.519314,23 1.622588,24 1.294858,25 1.485417,35 0.946821,36 2.299254,47 1.699684,58 1.533038,62 2.152786,68 1.400981,72 2.936499,78 1.413648,91 1.858121,101 1.66413,105 0.818276,125 4.743538,133 1.360355,151 2.264465,207 3.79948,218 2.957951,231 1.691153,285 1.944158,292 4.097789,296 2.821729,334 2.446323,353 2.711793,446 5.995335,869 3.302182,1000 gnp
0 1.24103,1 1.061562,2 3.033696,5 0.972647,8 2.697235,13 1.539455,15 1.647037,20 1.519314,24 1.026151,27 1.430905,36 2.299254,37 1.626439,38 1.9722,39 2.481233,43 2.988653,54 1.463705,57 1.454605,58 2.193281,60 1.278568,62 2.152786,68 1.400981,101 1.66413,105 0.818276,113 2.448107,114 2.042409,118 3.336289,125 2.99284,140 3.74899,174 1.950293,187 2.250074,200 1.699684,207 2.329641,213 2.067487,218 3.732519,231 2.680414,287 2.939494,330 2.368895,353 4.298089,428 2.878114,737 3.5619,1000 gnp
8 2.137508,15 1.173373,23 2.571741,28 1.436755,29 2.060229,36 2.299254,54 1.463705,59 1.636161,62 2.152786,133 1.360355,164 3.300265,197 2.485201,221 4.679523,248 2.001423,279 2.54794,902 3.081447,1000 gnp
1 1.061562,4 1.174563,8 1.348617,15 1.760059,23 3.245176,30 1.611162,36 2.299254,58 1.046461,62 2.152786,65 1.22138,91 1.858121,92 1.501352,101 1.66413,113 1.544583,140 1.874495,185 1.767252,223 1.284437,235 1.590692,248 3.172181,300 2.821729,353 2.711793,1000 gnp
1 1.061562,2 3.033696,5 1.945293,8 2.697235,15 1.859752,23 1.622588,24 1.026151,28 1.436755,32 1.858121,36 2.299254,43 1.88563,54 1.463705,58 1.046461,62 2.152786,63 1.514369,67 4.57194,68 1.400981,69 2.349347,72 2.004472,78 1.413648,83 2.108825,91 2.945052,93 2.384708,101 2.637584,113 1.544583,114 4.084819,124 2.759615,125 2.99284,132 2.478568,143 2.018207,187 2.250074,210 2.555275,221 4.679523,248 4.647161,250 3.558784,300 2.821729,541 3.220541,879 3.006843,908 3.021135,916 2.570182,1000 gnp
5 1.541608,15 1.516562,36 2.299254,54 1.463705,58 1.046461,62 2.152786,140 1.874495,213 4.134975,221 4.679523,353 2.711793,852 3.419947,1000 gnp
5 1.541608,15 1.516562,23 1.622588,27 1.430905,36 2.299254,54 1.463705,58 1.046461,62 2.152786,68 2.220502,91 1.858121,105 0.818276,140 2.971004,183 2.952451,221 5.904901,353 2.711793,672 3.782635,729 3.220541,1000 gnp
1 1.061562,2 1.712749,8 1.348617,15 2.576913,20 1.519314,23 4.194329,25 1.485417,27 1.430905,29 4.120458,37 1.626439,39 1.565484,54 1.463705,58 1.320487,68 2.220502,91 3.716242,92 1.501352,101 1.66413,125 4.743538,140 4.352443,181 1.258976,186 4.619047,248 2.001423,300 2.821729,304 2.667058,335 2.386011,373 2.779707,419 2.8004,475 3.006843,879 3.006843,1000 gnp
15 2.103249,23 2.571741,27 2.267931,28 2.873509,36 2.299254,39 1.565484,53 2.190951,58 1.046461,62 2.152786,68 2.220502,102 1.632256,140 2.971004,188 3.501773,243 1.725926,244 1.728158,649 2.693551,1000 gnp
6 1.636161,15 2.029602,23 3.245176,28 1.436755,36 3.644232,53 2.190951,58 0.660244,62 3.412085,65 1.22138,101 2.637584,105 1.296937,113 3.586412,125 2.99284,138 3.790931,221 6.855378,235 1.590692,250 2.245343,300 4.472335,337 3.982038,1000 gnp
15 2.653912,23 1.622588,28 4.554404,35 0.946821,36 2.299254,39 1.565484,58 1.320487,62 2.152786,63 1.514369,65 1.22138,68 3.621482,91 1.858121,101 1.66413,124 2.759615,125 11.394802,130 5.165052,132 2.478568,136 7.58719,140 1.874495,183 6.855378,185 2.801028,186 2.309523,187 3.566283,213 2.067487,235 1.590692,248 8.650008,312 2.616929,337 2.512387,888 3.302182,1000 gnp
0 1.966986,2 1.080624,5 2.258416,8 3.131393,11 1.917208,14 1.616852,15 2.233723,19 1.788877,22 2.028476,23 3.245176,24 0.647429,29 3.265386,31 3.011121,35 0.946821,38 3.125863,42 2.12449,47 1.699684,54 1.463705,57 2.305494,58 1.533038,65 1.935842,72 1.264681,76 2.459041,78 2.240578,91 1.858121,96 5.20132,105 0.818276,114 5.279552,115 1.145021,122 3.215059,125 5.985679,140 2.971004,184 8.782766,187 2.250074,192 2.585417,193 4.076198,209 2.675777,213 3.27689,222 5.550179,223 2.035784,227 2.078519,228 2.711793,231 2.680414,266 2.446323,292 2.585417,303 2.028476,315 2.759615,323 2.585417,333 3.147511,351 2.952451,352 2.625036,363 2.391811,418 3.050635,433 2.843736,440 5.828572,445 2.878114,456 4.788386,516 13.680626,594 3.875192,635 4.263088,647 4.108417,673 4.619034,705 7.273187,793 6.362288,842 3.081447,889 4.108417,909 3.501588,964 5.696585,1000 gnp
0 1.24103,5 1.945293,8 1.348617,14 2.562649,15 1.516562,19 1.788877,22 2.028476,23 1.622588,29 2.060229,31 3.011121,38 1.9722,54 1.463705,58 0.660244,65 1.935842,76 2.459041,78 1.413648,81 1.88283,96 2.936535,105 0.818276,113 1.544583,114 3.237142,125 2.99284,140 1.874495,184 2.997585,213 2.067487,227 2.078519,228 2.711793,315 2.759615,351 2.952451,363 2.391811,456 3.021135,516 7.477865,594 3.875192,635 4.263088,647 4.108417,705 7.273187,793 4.342937,842 3.081447,889 4.108417,1000 gnp
8 1.348617,15 1.173373,23 2.571741,54 1.463705,68 2.220502,69 2.349347,93 1.504583,136 4.283538,205 1.88283,221 2.952451,250 2.245343,865 3.130395,1000 gnp
1 1.061562,5 2.514255,8 1.348617,13 1.539455,15 1.647037,16 1.684823,19 6.188497,20 1.519314,23 3.245176,29 2.060229,30 2.553632,32 1.858121,36 2.299254,54 4.109141,58 0.660244,62 2.152786,63 1.514369,79 3.024825,83 2.108825,90 3.997159,91 1.858121,105 2.297192,113 1.544583,130 1.998115,164 2.082236,172 3.367238,184 7.200719,187 2.250074,206 2.289135,208 4.833487,213 7.152331,221 7.631974,223 1.284437,231 1.691153,250 2.245343,251 2.832645,281 2.979793,291 2.30437,310 2.433833,314 4.272952,332 2.843736,333 3.147511,384 2.740088,562 3.346917,725 3.370416,848 3.782635,909 3.501588,944 4.743541,977 5.750187,1000 gnp
5 2.730564,8 1.348617,15 1.362244,24 0.647429,27 1.430905,28 1.436755,29 2.060229,36 2.299254,37 1.626439,59 2.593253,62 2.152786,68 2.220502,83 2.108825,105 2.454828,186 3.660508,221 4.679523,248 6.923787,1000 gnp
1 1.061562,5 1.945293,8 2.137508,15 1.173373,16 1.684823,23 1.622588,29 2.060229,57 1.454605,69 2.349347,72 1.264681,105 0.818276,107 2.25417,125 2.99284,178 5.008223,193 2.782438,218 2.957951,225 2.363283,227 2.078519,281 1.88004,291 2.30437,314 2.136476,487 8.564216,678 2.889963,1000 gnp
2 2.161249,8 2.137508,15 1.173373,19 1.788877,23 2.571741,25 2.354329,27 1.430905,29 4.120458,32 1.858121,33 1.680634,36 2.299254,37 1.626439,38 1.9722,42 2.12449,54 2.927411,58 1.046461,62 2.152786,78 2.240578,91 1.858121,101 2.637584,115 1.145021,130 1.998115,133 2.156111,158 1.88004,166 2.667058,168 3.282687,178 2.156924,207 2.329641,218 1.86626,227 3.294375,312 2.616929,330 3.75461,373 2.779707,679 2.577758,692 3.394739,840 3.147511,874 3.782635,880 3.627964,919 3.021135,974 3.240068,1000 gnp
5 0.972647,8 1.348617,15 1.859752,23 2.571741,28 1.436755,29 2.060229,36 2.299254,39 1.565484,54 1.463705,58 0.660244,62 2.152786,63 1.514369,65 1.22138,68 1.400981,101 1.66413,102 1.632256,105 0.818276,125 4.743538,130 3.996229,166 2.667058,185 1.767252,190 2.40356,250 4.490686,840 3.147511,1000 gnp