50
15 1.362244,28 1.436755,29 2.060229,53 2.190951,58 0.660244,65 1.22138,93 1.504583,106 2.165276,136 2.702612,138 2.391811,300 2.821729,496 3.394739,664 3.446107,1000 cpi
13 1.539455,15 2.029602,29 4.783704,58 1.046461,65 1.22138,68 2.220502,69 3.441731,92 1.501352,93 2.384708,113 1.544583,115 1.145021,183 4.679523,188 2.775089,223 1.284437,269 2.082236,369 3.26016,952 6.22345,1000 cpi
15 1.362244,28 2.277202,29 2.060229,54 1.463705,65 1.22138,69 2.964546,106 3.431881,133 1.360355,136 2.702612,183 2.952451,266 2.446323,384 2.740088,870 3.130395,943 2.855007,1000 cpi
8 1.348617,15 1.173373,28 1.436755,53 2.190951,58 0.660244,65 1.935842,68 1.400981,69 2.349347,93 1.504583,106 3.431881,113 1.544583,138 2.391811,253 4.312836,259 1.935058,1000 cpi
8 1.348617,15 1.173373,28 1.436755,53 2.190951,58 0.660244,65 1.935842,68 1.400981,69 2.349347,93 1.504583,106 3.431881,113 1.544583,138 2.391811,253 4.312836,259 1.935058,1000 cpi
15 1.516562,28 1.436755,53 2.190951,58 1.046461,68 3.252976,69 2.964546,93 2.384708,106 2.165276,113 2.448107,133 1.360355,136 2.702612,266 2.446323,1000 cpi
15 1.859752,28 2.277202,29 3.265386,53 2.190951,58 0.660244,69 3.441731,93 1.504583,106 2.165276,113 1.544583,133 1.360355,136 4.283538,138 2.391811,1000 cpi
15 1.760059,28 1.436755,29 3.265386,53 2.190951,58 1.046461,68 2.220502,69 2.349347,93 2.384708,113 1.544583,136 2.702612,138 2.391811,183 2.952451,194 2.965654,496 3.394739,649 2.693551,1000 cpi
15 1.760059,28 1.436755,29 3.265386,53 2.190951,58 1.046461,68 1.400981,69 2.349347,113 1.544583,136 2.702612,138 2.391811,183 2.952451,194 2.965654,496 3.394739,649 2.693551,1000 cpi
15 1.173373,53 2.190951,65 1.22138,68 1.400981,69 3.441731,93 2.384708,102 2.587064,106 2.165276,136 2.702612,183 2.952451,266 2.446323,1000 cpi
0 1.24103,9 2.284131,15 1.173373,28 1.436755,58 1.046461,65 1.935842,69 2.349347,93 1.504583,102 2.587064,108 2.902018,136 4.283538,243 1.725926,266 2.446323,496 3.394739,1000 cpi
15 1.516562,28 1.436755,29 2.060229,53 2.190951,58 1.046461,65 1.935842,68 1.400981,69 2.349347,93 3.493534,102 1.632256,106 2.165276,113 1.544583,118 2.104964,174 1.950293,185 1.767252,200 1.699684,1000 cpi
0 1.24103,4 1.174563,5 2.258416,12 1.668219,14 1.616852,15 2.029602,19 1.788877,23 3.767533,24 0.647429,27 1.430905,29 4.120458,33 1.680634,35 2.447497,43 1.88563,47 1.699684,51 1.994822,52 1.485417,54 4.109141,58 2.193281,64 2.8004,65 1.935842,68 1.400981,70 1.490159,72 2.004472,78 1.413648,83 3.342409,84 2.152786,91 4.314423,92 2.379586,93 2.384708,97 2.76779,106 3.431881,114 2.042409,116 2.173729,133 2.72071,140 1.874495,152 2.254838,185 1.767252,188 1.750887,189 2.363283,193 1.755523,208 2.553632,213 2.067487,218 1.86626,222 1.750887,223 1.284437,227 2.078519,235 1.590692,238 2.011445,244 1.728158,247 2.274228,257 2.031933,259 1.935058,269 2.082236,282 2.386011,288 2.44005,292 2.585417,296 2.821729,299 2.616929,330 3.75461,333 3.147511,336 2.421565,352 2.625036,395 4.03839,405 2.832645,416 3.782635,455 3.183065,679 2.577758,807 3.92656,925 3.302182,1000 cpi
0 1.24103,7 1.902676,10 2.204154,15 1.362244,29 2.060229,65 1.22138,68 2.220502,83 2.108825,92 1.501352,106 4.330551,133 4.081065,168 2.071145,181 1.258976,208 1.611162,213 2.067487,236 2.855007,282 2.386011,309 4.788386,404 3.302182,435 4.619034,446 8.783007,458 3.050635,492 3.473293,1000 cpi
15 1.760059,28 1.436755,29 3.265386,53 2.190951,58 1.046461,68 2.801961,69 3.441731,93 1.504583,106 2.165276,113 3.089167,133 1.360355,136 2.702612,138 3.790931,266 2.446323,309 3.021135,1000 cpi
1 1.061562,8 1.348617,29 2.060229,32 1.858121,57 1.454605,86 1.439698,90 1.721483,120 2.40951,133 1.360355,223 1.284437,231 1.691153,305 2.789976,330 2.368895,345 2.866464,1000 cpi
15 1.647037,28 1.436755,39 1.565484,58 0.660244,65 1.935842,69 4.161266,93 3.009166,102 1.632256,106 4.330551,133 1.360355,136 2.702612,266 2.446323,1000 cpi
1 1.061562,2 1.080624,5 0.972647,19 1.788877,23 4.194329,29 5.325615,53 2.190951,54 2.927411,58 2.284067,64 4.438529,65 2.835957,68 2.220502,86 1.439698,91 1.858121,92 2.379586,93 1.504583,115 1.145021,133 2.72071,138 2.391811,140 2.971004,151 2.264465,180 2.395023,181 1.99543,184 1.891266,185 1.767252,186 3.660508,188 2.775089,189 2.363283,196 4.694041,207 1.46984,208 1.611162,213 3.27689,214 2.173729,218 1.86626,223 1.284437,231 1.691153,232 2.148672,247 2.274228,248 2.001423,254 2.519353,292 2.585417,296 2.821729,299 4.147734,314 2.136476,330 3.75461,333 4.988687,412 2.866464,475 3.006843,496 3.394739,678 2.889963,679 2.577758,692 3.394739,883 3.473293,927 3.501588,928 4.580482,970 3.594145,1000 cpi
15 1.516562,28 1.436755,29 2.060229,53 2.190951,65 1.22138,68 3.252976,69 2.349347,93 2.384708,113 2.448107,133 1.360355,138 2.391811,183 4.679523,185 1.767252,1000 cpi
0 1.24103,15 1.760059,29 3.265386,53 2.190951,58 1.046461,65 1.22138,68 2.801961,69 2.964546,92 1.501352,93 3.493534,133 1.360355,136 2.702612,138 2.391811,140 1.874495,183 2.952451,188 1.750887,802 3.324189,952 3.92656,1000 cpi
15 1.173373,28 1.436755,53 2.190951,69 2.964546,90 1.721483,93 1.504583,102 2.587064,113 2.448107,185 1.767252,238 2.011445,496 5.380534,672 3.782635,1000 cpi
0 1.966986,13 1.539455,15 1.516562,20 2.408056,29 4.783704,54 1.463705,58 1.533038,65 2.44276,69 2.349347,76 2.459041,93 1.504583,102 1.632256,105 0.818276,138 4.783623,140 1.874495,181 1.258976,185 1.767252,238 2.011445,243 1.725926,264 2.380259,496 7.88234,1000 cpi
15 1.173373,28 1.436755,53 2.190951,69 2.964546,90 1.721483,93 1.504583,113 1.544583,185 1.767252,238 2.011445,496 5.380534,870 3.130395,1000 cpi
13 2.439979,20 2.408056,29 4.783704,32 2.945052,38 1.9722,57 1.454605,65 1.22138,72 1.264681,78 2.240578,86 1.439698,90 2.728486,91 1.858121,120 3.818982,133 1.360355,143 2.018207,193 1.755523,195 3.785466,231 2.680414,243 1.725926,289 2.459041,561 5.304738,653 2.625036,679 2.577758,816 3.130395,928 2.889963,1000 cpi
8 1.348617,15 1.516562,29 3.265386,39 1.565484,53 2.190951,69 3.441731,93 1.504583,113 1.544583,133 2.156111,412 2.866464,1000 cpi
15 1.173373,28 1.436755,53 2.190951,58 1.046461,68 1.400981,69 3.441731,93 1.504583,106 3.431881,113 3.089167,133 2.156111,136 4.283538,138 2.391811,183 2.952451,266 2.446323,292 2.585417,1000 cpi
15 1.516562,28 1.436755,53 2.190951,65 1.22138,68 1.400981,69 3.83162,93 3.493534,106 3.431881,113 2.448107,133 1.360355,136 4.283538,138 2.391811,183 2.952451,266 2.446323,292 2.585417,1000 cpi
0 1.24103,15 1.760059,28 1.436755,52 1.485417,58 1.320487,65 1.935842,93 3.493534,102 3.78998,106 3.431881,108 2.902018,113 3.089167,133 2.156111,136 6.27527,242 3.097382,243 1.725926,266 3.877329,275 2.433833,277 5.341982,372 2.667058,1000 cpi
15 1.516562,52 1.485417,58 1.046461,69 2.349347,93 2.384708,102 1.632256,106 2.165276,133 1.360355,136 6.27527,183 2.952451,266 2.446323,1000 cpi
8 2.137508,15 1.173373,29 2.060229,58 0.660244,92 1.501352,223 1.284437,243 1.725926,247 2.274228,643 5.750187,1000 cpi
15 1.362244,29 2.060229,53 3.472575,58 0.660244,65 1.22138,90 1.721483,102 1.632256,183 2.952451,185 2.801028,238 2.011445,363 2.391811,496 3.394739,870 3.130395,1000 cpi
0 1.966986,1 1.061562,8 2.697235,15 0.929876,29 4.120458,58 0.660244,65 1.935842,92 1.501352,207 1.46984,223 1.284437,235 1.590692,243 1.725926,357 2.693551,435 2.914286,1000 cpi
0 1.24103,15 2.29212,28 2.277202,29 4.120458,45 4.330551,52 1.485417,54 1.463705,58 1.320487,65 3.157222,68 1.400981,93 4.513749,106 3.431881,109 1.536058,113 1.544583,128 3.166937,207 1.46984,238 2.011445,248 2.001423,277 3.370416,336 2.421565,444 9.842559,1000 cpi
28 1.436755,53 2.190951,58 0.660244,90 1.721483,93 3.009166,102 1.632256,106 2.165276,113 2.448107,133 2.156111,136 4.283538,266 3.877329,1000 cpi
15 1.760059,28 1.436755,29 3.265386,53 2.190951,58 0.660244,68 1.400981,69 1.482273,113 2.448107,133 1.360355,136 2.702612,138 2.391811,266 2.446323,1000 cpi
8 2.137508,15 1.94893,28 2.277202,29 4.120458,53 2.190951,58 0.660244,65 1.22138,68 1.400981,69 3.83162,93 3.493534,106 3.431881,113 2.448107,133 1.360355,136 2.702612,138 2.391811,183 2.952451,266 2.446323,1000 cpi
15 1.647037,28 1.436755,29 3.265386,39 1.565484,53 2.190951,58 1.320487,68 1.400981,69 2.349347,93 2.384708,106 3.431881,133 2.156111,136 4.283538,183 2.952451,185 1.767252,266 2.446323,435 2.914286,908 3.021135,1000 cpi
15 1.647037,28 2.277202,29 2.060229,53 2.190951,58 1.046461,69 2.349347,106 2.165276,113 1.544583,133 1.360355,136 2.702612,138 2.391811,183 2.952451,185 1.767252,1000 cpi
8 2.697235,15 1.859752,28 2.277202,29 4.120458,39 1.565484,53 2.190951,58 1.046461,65 1.935842,68 1.400981,69 3.83162,93 3.493534,106 3.431881,113 1.544583,133 2.156111,183 4.679523,185 2.801028,186 4.619047,1000 cpi
15 2.576913,23 3.767533,25 1.485417,27 2.86181,28 1.436755,29 3.265386,37 2.577845,54 2.927411,60 1.278568,62 2.152786,63 1.514369,65 2.44276,68 2.220502,83 3.342409,90 1.721483,91 2.945052,101 3.32826,102 1.632256,106 2.165276,113 2.448107,125 2.99284,138 2.391811,140 4.352443,143 3.198783,185 1.767252,186 2.309523,225 2.363283,235 1.590692,353 5.423585,786 3.663518,879 3.006843,1000 cpi
15 1.760059,28 2.873509,29 2.060229,37 1.626439,53 3.472575,58 1.533038,65 1.935842,68 2.220502,69 2.964546,83 3.342409,90 1.721483,106 2.165276,136 2.702612,266 2.446323,412 2.866464,1000 cpi
8 3.131393,15 2.170998,20 1.519314,23 4.555181,27 2.267931,29 3.265386,30 1.611162,35 0.946821,36 2.299254,37 2.577845,38 1.9722,43 2.988653,47 1.699684,54 1.463705,58 2.193281,60 2.557135,62 2.152786,64 4.438529,68 3.252976,72 2.529362,78 2.240578,91 1.858121,101 2.637584,106 2.165276,113 1.544583,125 5.985679,133 1.360355,140 2.971004,195 2.583982,203 3.399084,214 2.173729,218 2.957951,227 2.078519,235 2.521187,243 1.725926,250 2.245343,259 1.935058,276 3.097382,289 2.459041,290 2.505489,330 2.368895,336 2.421565,373 4.405732,444 7.617904,467 3.20155,679 2.577758,784 4.355645,799 2.821729,801 3.346917,957 3.370416,964 3.594145,1000 cpi
8 1.348617,15 1.760059,28 1.436755,29 3.265386,53 2.190951,58 0.660244,69 2.964546,106 2.165276,113 3.089167,133 1.360355,136 2.702612,138 2.391811,266 2.446323,1000 cpi
15 1.859752,28 2.873509,29 3.265386,35 0.946821,59 2.593253,65 1.22138,68 3.621482,69 3.83162,93 3.009166,133 1.360355,136 6.27527,183 5.904901,186 2.309523,189 2.363283,266 3.877329,333 4.988687,337 2.512387,372 2.667058,446 3.782635,1000 cpi
8 1.348617,15 1.173373,29 3.265386,35 0.946821,58 1.046461,59 1.636161,68 1.400981,69 2.349347,86 1.439698,93 2.384708,133 1.360355,136 4.283538,185 2.801028,186 3.660508,266 2.446323,333 3.147511,337 2.512387,1000 cpi
0 1.966986,15 2.82041,28 5.316624,45 3.431881,58 1.046461,59 5.186507,65 4.650228,68 3.252976,69 5.313893,83 2.108825,93 5.567619,106 3.431881,124 2.759615,132 2.478568,133 2.72071,136 5.405223,149 2.64154,188 1.750887,242 3.097382,277 3.370416,292 2.585417,463 3.419947,885 4.181447,1000 cpi
0 1.24103,15 2.029602,28 2.873509,42 2.12449,45 4.330551,59 3.272321,65 1.935842,68 2.801961,69 4.161266,93 2.384708,106 3.431881,133 1.360355,136 6.27527,165 4.598509,242 4.909234,888 5.233835,911 3.006843,1000 cpi
8 1.348617,15 2.029602,20 1.519314,28 3.336041,29 4.783704,32 1.858121,45 4.330551,48 1.544583,54 1.463705,58 1.320487,60 1.278568,65 3.157222,68 1.400981,69 2.349347,90 1.721483,93 3.009166,106 4.330551,124 2.759615,132 2.478568,133 3.516466,136 2.702612,143 2.018207,149 2.64154,188 1.750887,189 5.487372,195 1.630311,216 2.505489,337 3.982038,496 3.394739,1000 cpi
15 1.859752,28 2.277202,53 2.190951,65 2.44276,69 3.441731,90 1.721483,93 4.223899,136 2.702612,496 5.380534,870 4.961559,1000 cpi
15 1.859752,28 2.277202,53 2.190951,65 1.935842,69 4.161266,90 1.721483,93 2.384708,185 1.767252,412 2.866464,496 5.380534,870 6.26079,1000 cpi