34
1 1.061562,6 1.636161,51 3.161718,79 1.908452,109 1.536058,121 4.507214,128 1.998115,160 2.346713,168 2.071145,172 2.12449,184 1.891266,231 1.691153,235 2.521187,281 1.88004,291 4.60874,510 7.18829,923 4.108417,1000 livestock
1 2.46487,51 3.161718,58 0.660244,60 1.278568,172 2.12449,181 1.258976,207 1.46984,279 4.03839,281 1.88004,291 4.60874,510 7.18829,1000 livestock
3 2.183552,15 1.173373,20 1.519314,24 1.503284,25 2.354329,27 3.322459,35 0.946821,48 1.544583,51 1.994822,52 1.485417,58 1.320487,63 3.516256,101 1.66413,130 3.166937,140 4.8455,195 2.583982,324 3.531088,402 8.427392,454 3.324189,463 5.420488,649 2.693551,801 3.346917,939 3.446107,971 3.594145,1000 livestock
6 1.636161,25 2.354329,59 1.636161,70 1.490159,77 2.226734,105 0.818276,117 2.421565,150 1.601783,168 2.071145,198 2.254838,240 4.455302,245 2.089729,252 2.979113,280 2.190951,281 1.88004,284 4.835142,324 7.062177,341 4.658988,357 2.693551,403 2.721097,451 6.693834,472 3.050635,577 3.531088,1000 livestock
6 1.636161,25 2.354329,59 2.593253,105 0.818276,168 2.071145,198 2.254838,245 2.089729,252 2.979113,280 2.190951,284 3.050635,324 7.062177,341 4.658988,357 2.693551,403 2.721097,451 5.304738,1000 livestock
6 1.636161,25 1.485417,59 3.272321,105 0.818276,158 1.88004,168 2.071145,198 2.254838,245 2.089729,252 2.979113,284 4.835142,293 2.264465,324 7.062177,341 4.658988,357 2.693551,403 2.721097,451 5.304738,1000 livestock
6 1.636161,25 2.354329,59 3.272321,105 0.818276,168 2.071145,198 2.254838,245 2.089729,252 2.979113,280 2.190951,284 4.835142,324 7.062177,341 5.878988,357 2.693551,403 2.721097,451 5.304738,1000 livestock
6 1.636161,25 1.485417,59 2.593253,60 1.278568,105 0.818276,158 1.88004,168 2.071145,198 2.254838,245 2.089729,284 4.835142,324 7.062177,341 4.658988,357 2.693551,403 2.721097,451 5.304738,1000 livestock
3 1.377668,10 3.493501,15 0.929876,58 0.660244,63 1.514369,120 2.40951,144 2.505489,244 1.728158,256 2.491898,324 10.593265,331 2.952451,365 5.074336,374 7.255928,402 6.520321,406 3.473293,567 3.5619,660 3.82737,747 4.58887,827 3.130395,1000 livestock
11 1.917208,15 0.586686,24 1.026151,43 3.771261,63 3.516256,109 1.536058,115 1.145021,118 5.909381,130 4.639479,154 3.705495,160 4.693425,162 8.118292,168 2.071145,173 2.740088,174 1.950293,186 2.309523,187 2.250074,200 1.699684,208 2.553632,214 2.173729,282 3.781738,290 2.505489,310 2.433833,324 3.531088,364 3.147511,402 3.26016,433 2.843736,436 3.26016,450 5.167232,454 3.324189,550 3.627964,673 2.914286,723 6.254231,1000 livestock
6 1.636161,15 0.586686,59 1.636161,92 1.501352,109 1.536058,115 1.145021,143 2.018207,150 1.601783,162 2.346713,168 2.071145,169 2.346713,429 3.594145,488 3.531088,788 3.501588,908 3.021135,1000 livestock
6 1.636161,24 1.026151,61 2.40951,70 1.490159,105 0.818276,110 2.570182,128 1.998115,180 1.511092,207 1.46984,237 2.8004,324 7.062177,761 3.782635,862 5.223994,1000 livestock
4 1.174563,8 1.348617,24 0.647429,35 0.946821,48 1.544583,60 2.026482,62 3.412085,63 2.400218,105 0.818276,213 2.067487,314 2.136476,331 2.952451,549 3.26016,1000 livestock
3 2.183552,6 1.636161,15 0.929876,25 1.485417,35 1.500676,48 1.544583,52 5.941666,58 1.046461,63 2.400218,65 4.378602,68 1.400981,75 3.006843,81 3.765659,87 4.783623,97 1.746281,101 1.66413,105 1.899978,112 1.806175,116 4.347457,133 3.158646,143 4.036415,147 4.120458,149 5.283081,160 2.346713,162 3.719452,174 1.950293,180 1.511092,181 1.258976,195 1.630311,200 1.699684,205 1.88283,208 3.741003,223 2.035784,225 3.745714,231 1.691153,235 3.181384,270 4.029636,281 2.979793,310 3.857534,368 3.130395,402 13.848925,451 3.346917,454 3.324189,463 8.840435,475 6.981673,481 7.700896,659 3.20155,678 2.889963,775 4.525078,786 3.663518,793 4.342937,867 2.939494,874 3.782635,975 3.370416,986 2.866464,1000 livestock
6 2.593253,17 2.049482,35 1.500676,37 1.626439,48 1.544583,51 1.994822,52 2.354329,60 1.278568,62 2.152786,63 1.514369,65 3.871683,75 3.006843,87 2.391811,97 1.746281,101 3.86399,116 4.347457,133 4.312223,143 3.198783,147 4.120458,160 2.346713,180 1.511092,235 2.521187,331 2.952451,402 11.687553,451 3.346917,454 3.324189,475 6.013686,510 8.345346,592 3.782635,652 3.26016,698 3.594145,793 4.342937,867 2.939494,874 7.56527,1000 livestock
3 2.183552,15 0.586686,30 1.611162,48 1.544583,52 2.354329,58 1.046461,87 3.790931,135 4.322175,143 4.036415,235 1.590692,285 3.081418,402 7.569858,454 3.324189,793 2.740088,1000 livestock
15 0.586686,24 1.026151,35 0.946821,57 1.454605,58 1.046461,78 1.413648,82 2.421565,122 2.028476,181 3.254406,182 2.374554,195 1.630311,303 2.028476,454 7.718527,463 3.419947,510 5.696585,519 5.167232,829 4.743541,1000 livestock
51 1.994822,63 1.514369,82 2.421565,121 4.507214,172 2.12449,204 2.330529,205 1.88283,231 1.691153,281 2.979793,291 3.65234,510 8.345346,814 3.06587,1000 livestock
1 2.123123,3 1.377668,6 1.636161,37 4.204284,52 3.44903,87 2.391811,109 1.536058,112 1.806175,115 1.145021,150 1.601783,160 2.346713,164 2.082236,181 1.258976,195 2.583982,205 1.88283,235 3.693473,256 2.491898,270 2.014818,275 2.433833,291 2.30437,314 4.272952,356 4.147734,368 3.130395,375 4.765733,390 2.789976,397 2.979113,402 9.780481,454 5.268714,870 3.130395,920 2.939494,928 2.889963,943 2.855007,1000 livestock
6 2.593253,58 1.046461,59 1.636161,65 1.22138,160 2.346713,164 2.082236,168 4.80905,205 1.88283,270 2.014818,314 2.136476,324 3.531088,368 4.961559,380 4.455302,451 5.304738,842 3.081447,1000 livestock
8 1.348617,15 0.586686,51 3.161718,58 0.660244,63 1.514369,82 2.421565,109 1.536058,121 4.507214,127 2.30437,168 6.213435,172 2.12449,231 1.691153,272 3.963609,281 1.88004,291 2.30437,361 3.394739,510 7.18829,652 3.26016,896 3.501588,920 2.939494,1000 livestock
15 0.586686,24 0.647429,93 1.504583,103 2.049482,105 0.818276,141 2.074822,160 2.346713,168 3.282687,195 1.630311,204 3.693802,281 1.88004,291 2.30437,481 2.979113,510 8.345346,1000 livestock
17 2.049482,51 3.989644,65 1.22138,84 2.152786,121 5.687471,133 1.360355,137 2.112709,160 5.448898,162 2.346713,168 2.071145,172 3.367238,198 2.254838,204 2.330529,281 1.88004,289 2.459041,291 4.60874,314 2.136476,323 2.585417,331 2.952451,361 3.394739,435 2.914286,510 10.090041,859 4.462494,1000 livestock
1 1.061562,15 1.516562,17 2.049482,35 1.500676,49 2.284131,58 1.320487,69 2.349347,82 3.838089,93 1.504583,122 2.028476,181 1.258976,216 2.505489,244 1.728158,248 2.001423,303 3.215059,324 10.593265,331 5.904901,335 2.386011,454 5.268714,519 3.26016,811 3.370416,1000 livestock
39 5.960353,41 2.259635,115 1.814816,244 2.739066,298 6.527712,307 5.710013,355 4.455302,363 3.790931,377 4.405732,454 3.324189,834 4.58887,865 3.130395,932 3.473293,1000 livestock
24 1.942287,63 1.514369,69 2.349347,93 1.504583,108 2.902018,134 2.855007,154 3.705495,171 2.577758,185 1.767252,186 2.309523,229 3.16506,888 3.302182,1000 livestock
1 1.061562,6 1.636161,46 2.274228,107 1.422223,118 3.336289,138 2.391811,154 1.852748,160 2.346713,174 1.950293,200 1.699684,223 1.284437,235 1.590692,281 1.88004,454 3.324189,460 3.130395,463 7.940872,1000 livestock
6 1.636161,15 0.929876,48 1.544583,59 1.636161,62 5.564871,82 5.622699,90 1.721483,149 2.64154,154 2.936535,222 1.750887,463 12.260383,510 5.696585,698 3.594145,766 3.782635,1000 livestock
24 2.798142,58 0.660244,63 3.516256,69 4.446819,171 4.085649,186 6.483652,648 4.462494,888 5.233835,1000 livestock
6 1.636161,112 3.612351,115 1.145021,143 2.018207,149 4.186742,205 1.88283,285 1.944158,368 6.26079,402 5.167232,730 3.20155,975 3.370416,986 2.866464,1000 livestock
6 1.636161,59 2.593253,82 3.838089,149 2.64154,192 2.585417,231 1.691153,247 2.274228,310 2.433833,402 5.167232,453 6.740831,463 5.420488,482 5.341982,1000 livestock
6 1.636161,25 1.485417,27 1.430905,59 3.799047,168 4.14229,181 1.258976,244 1.728158,293 2.264465,324 8.198933,451 6.693834,463 5.420488,1000 livestock
6 1.636161,24 1.026151,59 2.593253,103 3.248353,105 0.818276,106 2.165276,195 3.260623,799 2.821729,1000 livestock
3 1.377668,6 1.636161,24 0.647429,27 2.267931,37 1.626439,105 0.818276,109 1.536058,154 2.936535,174 1.950293,200 1.699684,205 1.88283,402 5.167232,463 5.420488,1000 livestock