27
3 2.183552,24 0.647429,63 1.514369,107 1.422223,130 1.998115,177 4.682552,196 4.043227,223 1.284437,235 1.590692,285 1.944158,426 2.902018,507 4.883978,619 8.71129,1000 alum
4 1.174563,93 1.504583,145 3.147511,238 2.011445,268 3.809552,290 2.505489,327 2.979113,338 3.740613,379 7.18829,511 8.216834,1000 alum
15 0.586686,73 2.217613,105 1.296937,133 1.360355,145 3.147511,511 4.108417,1000 alum
3 1.377668,35 0.946821,58 0.660244,119 2.217613,131 3.01567,133 1.360355,145 6.295022,207 1.46984,222 1.750887,290 3.971107,336 2.421565,379 5.696585,511 8.216834,1000 alum
3 1.377668,4 1.174563,93 1.504583,145 3.147511,238 2.011445,268 3.809552,290 2.505489,338 3.740613,379 7.18829,511 8.216834,1000 alum
3 1.377668,4 1.174563,24 0.647429,52 1.485417,60 1.278568,65 1.935842,69 1.482273,73 2.217613,78 1.413648,81 3.765659,133 2.156111,138 2.391811,145 6.295022,181 1.258976,219 2.116614,220 4.909234,281 1.88004,317 2.519353,338 3.740613,363 2.391811,379 3.594145,406 6.946585,511 9.539449,1000 alum
15 0.929876,60 1.278568,145 3.147511,235 1.590692,270 2.014818,338 7.481227,345 2.866464,511 12.325251,1000 alum
1 1.682535,3 2.183552,4 2.349126,35 1.500676,78 1.413648,81 1.88283,122 3.215059,145 3.147511,181 1.258976,198 2.254838,219 2.116614,220 3.097382,248 2.001423,285 1.944158,335 2.386011,338 8.685435,352 2.625036,1000 alum
0 1.24103,3 3.867602,13 1.539455,15 0.929876,23 3.767533,24 1.817563,37 1.626439,44 2.866464,54 1.463705,63 2.400218,65 2.44276,68 2.220502,70 1.490159,78 1.413648,81 1.88283,91 1.858121,133 2.156111,140 4.352443,145 9.442533,198 2.254838,207 2.939679,220 3.097382,222 2.775089,261 2.965654,290 5.010979,406 3.473293,619 4.355645,1000 alum
35 1.500676,45 2.165276,58 0.660244,63 1.514369,68 1.400981,70 2.361846,73 3.514834,113 1.544583,130 1.998115,145 9.442533,200 1.699684,220 4.909234,235 2.521187,243 1.725926,1000 alum
3 2.755336,4 1.174563,48 1.544583,58 0.660244,109 1.536058,119 2.217613,145 4.988687,150 1.601783,154 1.852748,208 1.611162,255 2.562689,290 5.010979,310 3.857534,1000 alum
4 2.349126,45 2.165276,60 1.278568,63 1.514369,65 1.22138,86 1.439698,119 2.217613,131 1.902676,139 2.965654,166 4.227187,169 2.346713,181 1.258976,208 1.611162,268 2.40356,330 2.368895,332 2.843736,588 3.782635,1000 alum
3 2.755336,4 1.174563,25 1.485417,48 1.544583,58 0.660244,107 1.422223,145 4.988687,267 2.001423,285 1.944158,290 2.505489,311 3.147511,407 2.866464,441 3.20155,619 4.355645,1000 alum
3 2.755336,24 1.026151,28 1.436755,37 2.577845,52 1.485417,58 1.320487,69 2.349347,93 2.384708,112 1.806175,145 4.988687,358 2.8004,1000 alum
1 1.061562,3 2.183552,37 1.626439,58 1.320487,60 1.278568,69 1.482273,93 1.504583,102 2.587064,112 1.806175,130 3.166937,145 4.988687,185 1.767252,235 2.521187,1000 alum
2 1.080624,8 4.045852,13 2.439979,15 0.586686,24 0.647429,48 3.089167,58 0.660244,105 0.818276,133 1.360355,136 2.702612,145 3.147511,169 2.346713,338 9.669345,379 7.18829,411 4.358302,432 5.167232,511 6.511687,1000 alum
78 1.413648,145 3.147511,219 2.116614,220 3.097382,587 6.511687,1000 alum
1 2.123123,15 1.362244,20 2.408056,33 1.680634,35 0.946821,57 2.305494,58 0.660244,70 1.490159,78 1.413648,96 1.852748,97 1.746281,103 4.098965,112 1.806175,113 1.544583,122 3.215059,145 8.83618,148 2.491898,157 3.907708,177 2.341276,181 1.258976,196 2.021613,219 2.116614,220 8.006616,232 4.989063,235 1.590692,243 1.725926,266 2.446323,272 1.981805,315 4.373886,445 2.878114,453 5.341982,587 16.433668,1000 alum
3 2.755336,4 1.174563,8 1.348617,52 1.485417,58 0.660244,63 1.514369,65 1.935842,69 1.482273,101 1.66413,130 1.998115,145 4.988687,207 1.46984,220 4.909234,290 2.505489,379 3.594145,1000 alum
3 3.867602,24 0.647429,60 1.278568,63 3.028738,69 3.441731,93 2.384708,113 2.448107,138 2.391811,145 6.295022,185 1.767252,186 3.660508,363 2.391811,1000 alum
65 1.22138,133 2.156111,317 2.519353,338 5.928732,406 6.946585,1000 alum
15 0.586686,35 0.946821,48 1.544583,58 0.660244,63 3.028738,290 2.505489,327 4.721783,338 8.685435,379 7.18829,1000 alum
145 3.147511,177 3.710835,196 3.204182,200 1.699684,274 2.250074,426 2.902018,490 3.324189,1000 alum
1 1.061562,60 1.278568,78 1.413648,122 2.028476,145 3.147511,148 3.949565,219 2.116614,220 4.909234,232 2.148672,587 8.216834,1000 alum
3 3.198846,4 1.861639,15 0.929876,27 2.86181,69 2.964546,93 2.384708,119 2.217613,169 2.346713,193 1.755523,230 2.8004,244 1.728158,292 2.585417,311 4.988687,338 7.481227,340 3.097382,379 7.18829,409 2.979113,432 5.167232,520 3.26016,539 3.501588,619 10.113495,1000 alum
3 2.755336,4 2.349126,24 0.647429,63 1.514369,79 1.908452,93 2.384708,119 2.217613,139 4.70045,143 3.198783,169 2.346713,181 1.258976,193 1.755523,208 1.611162,290 3.971107,311 8.83618,619 4.355645,1000 alum
4 1.861639,93 1.504583,119 2.217613,166 4.227187,208 1.611162,267 2.001423,292 2.585417,338 5.928732,371 3.220541,379 3.594145,619 6.903534,1000 alum