11
0 2.482059,1 1.061562,15 0.929876,21 7.162874,22 3.215059,24 2.529434,28 3.336041,37 1.626439,40 2.491898,42 2.12449,79 1.908452,86 1.439698,102 1.632256,138 2.391811,181 2.923252,186 5.970031,235 1.590692,242 3.097382,268 2.40356,281 1.88004,290 2.505489,311 4.988687,569 3.875192,598 6.142034,949 3.627964,1000 gas
0 1.24103,15 0.586686,22 2.028476,49 2.284131,58 0.660244,63 1.514369,65 1.22138,86 1.439698,90 1.721483,184 3.782531,242 3.097382,270 2.014818,278 2.979113,291 2.30437,323 2.585417,1000 gas
3 2.183552,15 0.586686,24 1.67358,58 0.660244,109 2.434594,118 6.314892,174 3.900585,180 1.511092,185 1.767252,192 2.585417,200 1.699684,208 1.611162,238 4.67043,245 4.179458,282 6.698379,383 2.649942,446 10.6192,1000 gas
3 2.183552,15 0.586686,24 1.294858,58 0.660244,109 1.536058,118 4.887575,174 3.091141,180 1.511092,185 1.767252,192 2.585417,200 1.699684,208 1.611162,238 2.011445,245 2.089729,282 3.781738,446 3.782635,1000 gas
70 1.490159,97 1.746281,109 1.536058,118 4.209928,165 2.299254,242 6.194764,282 2.386011,297 2.939494,453 3.370416,1000 gas
0 1.24103,1 1.061562,42 2.12449,65 1.22138,90 1.721483,103 2.049482,242 4.909234,268 2.40356,321 4.765733,323 2.585417,419 2.8004,1000 gas
0 1.24103,4 1.174563,39 1.565484,42 4.932914,48 2.448107,113 1.544583,119 2.217613,154 1.852748,218 1.86626,242 8.695451,268 2.40356,270 2.014818,290 2.505489,311 7.308294,453 6.740831,477 8.362894,482 3.370416,504 3.220541,1000 gas
0 1.966986,15 1.760059,21 2.259635,22 4.056953,24 2.529434,28 1.436755,36 2.299254,37 1.626439,40 6.995642,42 3.367238,45 3.431881,58 1.706705,59 1.636161,63 1.514369,79 1.908452,81 1.88283,93 1.504583,101 1.66413,154 1.852748,185 1.767252,242 3.097382,311 3.147511,314 2.136476,337 2.512387,569 3.875192,949 3.627964,1000 gas
3 1.377668,4 1.174563,58 1.320487,63 1.514369,73 2.217613,204 2.330529,242 3.097382,274 3.566283,290 2.505489,570 5.865937,949 3.627964,1000 gas
0 2.881582,5 0.972647,15 0.586686,24 0.647429,36 2.299254,45 2.165276,54 1.463705,58 1.046461,62 2.152786,63 3.516256,65 1.22138,72 1.264681,101 2.637584,105 1.296937,143 2.018207,165 2.299254,184 3.782531,197 6.424151,205 1.88283,214 2.173729,242 4.909234,896 3.501588,902 6.162894,917 6.22345,1000 gas
5 0.972647,19 2.835302,105 0.818276,184 4.391383,213 3.27689,223 1.284437,242 3.097382,272 3.141086,442 2.789976,812 3.324189,845 3.82737,1000 gas